# relative_time, cycles_done, cur_item, corpus_count, pending_total, pending_favs, map_size, saved_crashes, saved_hangs, max_depth, execs_per_sec, total_execs, edges_found
61, 24, 0, 3, 0, 0, 66.67%, 4, 0, 2, 1404.99, 85294, 4
67, 26, 2, 3, 0, 0, 66.67%, 4, 0, 2, 1360.93, 92290, 4
72, 28, 2, 3, 0, 0, 66.67%, 4, 0, 2, 1409.03, 99287, 4
77, 30, 0, 3, 0, 0, 66.67%, 4, 0, 2, 1513.57, 107308, 4
82, 31, 2, 3, 0, 0, 66.67%, 4, 0, 2, 1289.17, 113442, 4
87, 34, 2, 3, 0, 0, 66.67%, 4, 0, 2, 1356.60, 120545, 4
92, 35, 2, 3, 0, 0, 66.67%, 4, 0, 2, 1546.99, 125387, 4
97, 37, 1, 3, 0, 0, 66.67%, 4, 0, 2, 1563.42, 133124, 4
102, 40, 2, 3, 0, 0, 66.67%, 4, 0, 2, 1430.26, 140032, 4
108, 41, 2, 3, 0, 0, 66.67%, 4, 0, 2, 1444.43, 147177, 4
113, 44, 0, 3, 0, 0, 66.67%, 4, 0, 2, 1408.62, 154741, 4
118, 45, 2, 3, 0, 0, 66.67%, 4, 0, 2, 1246.55, 161063, 4
123, 47, 2, 3, 0, 0, 66.67%, 4, 0, 2, 156.95, 166736, 4
129, 48, 2, 3, 0, 0, 66.67%, 4, 0, 2, 1339.67, 173178, 4
134, 50, 1, 3, 0, 0, 66.67%, 4, 0, 2, 1369.27, 180068, 4
139, 52, 2, 3, 0, 0, 66.67%, 4, 0, 2, 1367.00, 186925, 4
144, 54, 2, 3, 0, 0, 66.67%, 4, 0, 2, 1297.73, 193511, 4
149, 57, 2, 3, 0, 0, 66.67%, 4, 0, 2, 1417.65, 201151, 4
154, 58, 2, 3, 0, 0, 66.67%, 4, 0, 2, 1360.59, 208061, 4
159, 60, 1, 3, 0, 0, 66.67%, 4, 0, 2, 1410.07, 213332, 4
165, 63, 2, 3, 0, 0, 66.67%, 4, 0, 2, 1525.59, 220921, 4
170, 65, 2, 3, 0, 0, 66.67%, 4, 0, 2, 1449.89, 228122, 4
175, 67, 2, 3, 0, 0, 66.67%, 4, 0, 2, 1472.67, 235587, 4
180, 69, 0, 3, 0, 0, 66.67%, 4, 0, 2, 1475.99, 243053, 4
185, 71, 2, 3, 0, 0, 66.67%, 4, 0, 2, 1462.09, 250144, 4
191, 73, 2, 3, 0, 0, 66.67%, 4, 0, 2, 40.20, 255935, 4
196, 75, 2, 3, 0, 0, 66.67%, 4, 0, 2, 1269.07, 262746, 4
201, 77, 2, 3, 0, 0, 66.67%, 4, 0, 2, 1403.36, 270500, 4
206, 79, 2, 3, 0, 0, 66.67%, 4, 0, 2, 1334.48, 277074, 4
211, 81, 2, 3, 0, 0, 66.67%, 4, 0, 2, 1404.38, 284307, 4
216, 83, 2, 3, 0, 0, 66.67%, 4, 0, 2, 1331.19, 291105, 4
221, 85, 1, 3, 0, 0, 66.67%, 4, 0, 2, 1294.52, 297892, 4
227, 87, 1, 3, 0, 0, 66.67%, 4, 0, 2, 2016.94, 303437, 4
232, 89, 2, 3, 0, 0, 66.67%, 4, 0, 2, 1479.24, 310030, 4
237, 91, 0, 3, 0, 0, 66.67%, 4, 0, 2, 1393.30, 317019, 4
242, 93, 2, 3, 0, 0, 66.67%, 4, 0, 2, 1294.23, 323606, 4
247, 94, 0, 3, 0, 0, 66.67%, 4, 0, 2, 1263.43, 330061, 4
252, 96, 2, 3, 0, 0, 66.67%, 4, 0, 2, 1317.42, 336725, 4
258, 97, 2, 3, 0, 0, 66.67%, 4, 0, 2, 172.94, 342441, 4
263, 98, 0, 3, 0, 0, 66.67%, 4, 0, 2, 1333.75, 348921, 4
268, 100, 2, 3, 0, 0, 66.67%, 4, 0, 2, 1423.24, 356040, 4
273, 102, 2, 3, 0, 0, 66.67%, 4, 0, 2, 1502.42, 363498, 4
278, 104, 2, 3, 0, 0, 66.67%, 4, 0, 2, 1409.81, 370441, 4
283, 106, 0, 3, 0, 0, 66.67%, 4, 0, 2, 1452.50, 378167, 4
288, 107, 1, 3, 0, 0, 66.67%, 4, 0, 2, 1375.22, 385128, 4
293, 108, 0, 3, 0, 0, 66.67%, 4, 0, 2, 1064.33, 389838, 4
298, 111, 2, 3, 0, 0, 66.67%, 4, 0, 2, 1293.22, 396815, 4
303, 113, 2, 3, 0, 0, 66.67%, 4, 0, 2, 1278.87, 403122, 4
309, 115, 2, 3, 0, 0, 66.67%, 4, 0, 2, 1360.54, 410580, 4
314, 117, 0, 3, 0, 0, 66.67%, 4, 0, 2, 1257.55, 417203, 4
319, 119, 2, 3, 0, 0, 66.67%, 4, 0, 2, 1357.70, 423890, 4
324, 120, 0, 3, 0, 0, 66.67%, 4, 0, 2, 22.12, 430048, 4
330, 123, 2, 3, 0, 0, 66.67%, 4, 0, 2, 1418.90, 437144, 4
335, 124, 2, 3, 0, 0, 66.67%, 4, 0, 2, 1395.47, 443982, 4
340, 126, 2, 3, 0, 0, 66.67%, 4, 0, 2, 1336.91, 450914, 4
345, 128, 2, 3, 0, 0, 66.67%, 4, 0, 2, 1349.28, 457834, 4
350, 130, 2, 3, 0, 0, 66.67%, 4, 0, 2, 1356.49, 464599, 4
355, 132, 2, 3, 0, 0, 66.67%, 4, 0, 2, 1381.55, 471756, 4
360, 134, 2, 3, 0, 0, 66.67%, 4, 0, 2, 1326.93, 477383, 4
365, 135, 0, 3, 0, 0, 66.67%, 4, 0, 2, 1419.21, 484673, 4
371, 138, 2, 3, 0, 0, 66.67%, 4, 0, 2, 1473.84, 492155, 4
376, 139, 2, 3, 0, 0, 66.67%, 4, 0, 2, 1322.51, 498620, 4
381, 141, 0, 3, 0, 0, 66.67%, 4, 0, 2, 1430.38, 505942, 4
386, 143, 1, 3, 0, 0, 66.67%, 4, 0, 2, 1452.10, 513116, 4
391, 145, 2, 3, 0, 0, 66.67%, 4, 0, 2, 243.54, 519468, 4
396, 147, 0, 3, 0, 0, 66.67%, 4, 0, 2, 1423.35, 526291, 4
402, 149, 2, 3, 0, 0, 66.67%, 4, 0, 2, 1359.33, 533143, 4
407, 151, 2, 3, 0, 0, 66.67%, 4, 0, 2, 1580.96, 541188, 4
412, 152, 2, 3, 0, 0, 66.67%, 4, 0, 2, 1458.23, 548308, 4
417, 154, 2, 3, 0, 0, 66.67%, 4, 0, 2, 1339.37, 555116, 4
422, 157, 0, 3, 0, 0, 66.67%, 4, 0, 2, 1458.88, 562600, 4
427, 158, 1, 3, 0, 0, 66.67%, 4, 0, 2, 1133.40, 568250, 4
432, 161, 2, 3, 0, 0, 66.67%, 4, 0, 2, 1337.38, 575472, 4
437, 163, 2, 3, 0, 0, 66.67%, 4, 0, 2, 1450.47, 583199, 4
443, 165, 2, 3, 0, 0, 66.67%, 4, 0, 2, 1582.57, 591524, 4
448, 168, 2, 3, 0, 0, 66.67%, 4, 0, 2, 1486.02, 598997, 4
453, 170, 2, 3, 0, 0, 66.67%, 4, 0, 2, 1327.57, 605575, 4
458, 172, 2, 3, 0, 0, 66.67%, 4, 0, 2, 143.19, 611365, 4
463, 174, 2, 3, 0, 0, 66.67%, 4, 0, 2, 1356.50, 618505, 4
468, 175, 2, 3, 0, 0, 66.67%, 4, 0, 2, 1358.75, 625263, 4
473, 177, 2, 3, 0, 0, 66.67%, 4, 0, 2, 1295.85, 631933, 4
479, 179, 2, 3, 0, 0, 66.67%, 4, 0, 2, 1368.53, 639012, 4
484, 181, 2, 3, 0, 0, 66.67%, 4, 0, 2, 1376.35, 646092, 4
489, 183, 1, 3, 0, 0, 66.67%, 4, 0, 2, 1378.85, 652798, 4
494, 185, 2, 3, 0, 0, 66.67%, 4, 0, 2, 1132.11, 657099, 4
499, 186, 0, 3, 0, 0, 66.67%, 4, 0, 2, 1227.29, 663473, 4
504, 188, 2, 3, 0, 0, 66.67%, 4, 0, 2, 1309.82, 670402, 4
509, 190, 1, 3, 0, 0, 66.67%, 4, 0, 2, 1291.35, 677070, 4
514, 192, 2, 3, 0, 0, 66.67%, 4, 0, 2, 1454.37, 684645, 4
519, 194, 0, 3, 0, 0, 66.67%, 4, 0, 2, 1348.12, 691309, 4
525, 196, 2, 3, 0, 0, 66.67%, 4, 0, 2, 35.30, 697444, 4
530, 198, 0, 3, 0, 0, 66.67%, 4, 0, 2, 1310.63, 703648, 4
535, 200, 2, 3, 0, 0, 66.67%, 4, 0, 2, 1342.50, 710366, 4
540, 202, 1, 3, 0, 0, 66.67%, 4, 0, 2, 1345.27, 717191, 4
545, 203, 2, 3, 0, 0, 66.67%, 4, 0, 2, 1316.41, 723995, 4
550, 206, 2, 3, 0, 0, 66.67%, 4, 0, 2, 1494.30, 731569, 4
556, 208, 2, 3, 0, 0, 66.67%, 4, 0, 2, 1487.64, 738658, 4
561, 210, 2, 3, 0, 0, 66.67%, 4, 0, 2, 760.34, 743853, 4
566, 212, 2, 3, 0, 0, 66.67%, 4, 0, 2, 1382.45, 751839, 4
571, 215, 2, 3, 0, 0, 66.67%, 4, 0, 2, 1388.30, 759246, 4
576, 217, 2, 3, 0, 0, 66.67%, 4, 0, 2, 1280.98, 765546, 4
581, 218, 0, 3, 0, 0, 66.67%, 4, 0, 2, 1294.77, 772045, 4
586, 219, 0, 3, 0, 0, 66.67%, 4, 0, 2, 1344.42, 778928, 4
592, 221, 2, 3, 0, 0, 66.67%, 4, 0, 2, 126.35, 785240, 4
597, 223, 2, 3, 0, 0, 66.67%, 4, 0, 2, 1201.70, 791340, 4
602, 224, 1, 3, 0, 0, 66.67%, 4, 0, 2, 244.25, 795941, 4
607, 224, 2, 3, 0, 0, 66.67%, 4, 0, 2, 305.15, 797638, 4
612, 225, 2, 3, 0, 0, 66.67%, 4, 0, 2, 343.88, 799428, 4
618, 225, 2, 3, 0, 0, 66.67%, 4, 0, 2, 373.60, 801384, 4
623, 226, 2, 3, 0, 0, 66.67%, 4, 0, 2, 378.40, 803272, 4
628, 226, 2, 3, 0, 0, 66.67%, 4, 0, 2, 518.19, 804732, 4
633, 227, 1, 3, 0, 0, 66.67%, 4, 0, 2, 381.09, 806426, 4
638, 228, 1, 3, 0, 0, 66.67%, 4, 0, 2, 366.58, 808245, 4
643, 229, 1, 3, 0, 0, 66.67%, 4, 0, 2, 353.23, 810008, 4
648, 230, 2, 3, 0, 0, 66.67%, 4, 0, 2, 333.31, 811754, 4
653, 230, 2, 3, 0, 0, 66.67%, 4, 0, 2, 349.39, 813568, 4
659, 231, 2, 3, 0, 0, 66.67%, 4, 0, 2, 31.89, 815411, 4
664, 231, 0, 3, 0, 0, 66.67%, 4, 0, 2, 438.79, 817263, 4
669, 232, 2, 3, 0, 0, 66.67%, 4, 0, 2, 378.34, 819145, 4
674, 232, 0, 3, 0, 0, 66.67%, 4, 0, 2, 365.15, 820984, 4
679, 233, 1, 3, 0, 0, 66.67%, 4, 0, 2, 409.76, 823125, 4
684, 234, 2, 3, 0, 0, 66.67%, 4, 0, 2, 374.37, 825022, 4
690, 235, 2, 3, 0, 0, 66.67%, 4, 0, 2, 370.58, 826871, 4
695, 235, 2, 3, 0, 0, 66.67%, 4, 0, 2, 424.97, 828296, 4
700, 235, 2, 3, 0, 0, 66.67%, 4, 0, 2, 368.02, 830116, 4
705, 236, 2, 3, 0, 0, 66.67%, 4, 0, 2, 350.64, 831910, 4
710, 236, 2, 3, 0, 0, 66.67%, 4, 0, 2, 344.44, 833574, 4
715, 237, 0, 3, 0, 0, 66.67%, 4, 0, 2, 320.83, 835205, 4
720, 237, 1, 3, 0, 0, 66.67%, 4, 0, 2, 353.90, 837009, 4
726, 238, 2, 3, 0, 0, 66.67%, 4, 0, 2, 21.68, 838594, 4
731, 238, 2, 3, 0, 0, 66.67%, 4, 0, 2, 394.34, 840516, 4
736, 239, 2, 3, 0, 0, 66.67%, 4, 0, 2, 334.48, 842204, 4
741, 239, 2, 3, 0, 0, 66.67%, 4, 0, 2, 342.49, 843986, 4
746, 240, 1, 3, 0, 0, 66.67%, 4, 0, 2, 376.54, 845900, 4
751, 240, 2, 3, 0, 0, 66.67%, 4, 0, 2, 350.38, 847678, 4
757, 241, 2, 3, 0, 0, 66.67%, 4, 0, 2, 386.62, 849629, 4
762, 241, 0, 3, 0, 0, 66.67%, 4, 0, 2, 347.15, 850995, 4
767, 242, 1, 3, 0, 0, 66.67%, 4, 0, 2, 381.66, 852963, 4
772, 242, 1, 3, 0, 0, 66.67%, 4, 0, 2, 386.28, 854914, 4
777, 243, 2, 3, 0, 0, 66.67%, 4, 0, 2, 407.66, 856952, 4
782, 243, 2, 3, 0, 0, 66.67%, 4, 0, 2, 404.91, 858939, 4
787, 244, 1, 3, 0, 0, 66.67%, 4, 0, 2, 368.99, 860905, 4
793, 244, 2, 3, 0, 0, 66.67%, 4, 0, 2, 25.28, 862279, 4
798, 245, 2, 3, 0, 0, 66.67%, 4, 0, 2, 375.58, 864047, 4
803, 245, 2, 3, 0, 0, 66.67%, 4, 0, 2, 332.81, 865691, 4
808, 246, 2, 3, 0, 0, 66.67%, 4, 0, 2, 337.74, 867426, 4
813, 247, 2, 3, 0, 0, 66.67%, 4, 0, 2, 380.16, 869408, 4
818, 247, 2, 3, 0, 0, 66.67%, 4, 0, 2, 356.83, 871223, 4
823, 248, 2, 3, 0, 0, 66.67%, 4, 0, 2, 372.29, 873111, 4
829, 248, 2, 3, 0, 0, 66.67%, 4, 0, 2, 360.59, 874582, 4
834, 249, 0, 3, 0, 0, 66.67%, 4, 0, 2, 360.70, 876440, 4
839, 249, 2, 3, 0, 0, 66.67%, 4, 0, 2, 362.50, 878353, 4
844, 250, 1, 3, 0, 0, 66.67%, 4, 0, 2, 351.74, 880146, 4
849, 250, 2, 3, 0, 0, 66.67%, 4, 0, 2, 380.92, 882036, 4
854, 251, 2, 3, 0, 0, 66.67%, 4, 0, 2, 351.84, 883735, 4
860, 251, 0, 3, 0, 0, 66.67%, 4, 0, 2, 10.25, 885559, 4
865, 252, 2, 3, 0, 0, 66.67%, 4, 0, 2, 324.69, 887243, 4
870, 252, 2, 3, 0, 0, 66.67%, 4, 0, 2, 354.13, 889129, 4
876, 253, 2, 3, 0, 0, 66.67%, 4, 0, 2, 352.01, 891056, 4
881, 253, 2, 3, 0, 0, 66.67%, 4, 0, 2, 361.68, 892832, 4
886, 254, 0, 3, 0, 0, 66.67%, 4, 0, 2, 395.05, 894811, 4
891, 254, 2, 3, 0, 0, 66.67%, 4, 0, 2, 364.61, 896599, 4
896, 255, 2, 3, 0, 0, 66.67%, 4, 0, 2, 293.42, 897820, 4
901, 255, 2, 3, 0, 0, 66.67%, 4, 0, 2, 369.36, 899783, 4
906, 256, 2, 3, 0, 0, 66.67%, 4, 0, 2, 386.27, 901699, 4
919, 256, 1, 3, 0, 0, 66.67%, 4, 0, 2, 0.48, 903206, 4
924, 257, 0, 3, 0, 0, 66.67%, 4, 0, 2, 352.87, 905030, 4
929, 257, 2, 3, 0, 0, 66.67%, 4, 0, 2, 369.60, 906261, 4
934, 257, 2, 3, 0, 0, 66.67%, 4, 0, 2, 347.09, 908034, 4
939, 258, 2, 3, 0, 0, 66.67%, 4, 0, 2, 357.87, 909849, 4
944, 258, 0, 3, 0, 0, 66.67%, 4, 0, 2, 393.37, 911968, 4
949, 259, 2, 3, 0, 0, 66.67%, 4, 0, 2, 371.98, 913846, 4
954, 259, 2, 3, 0, 0, 66.67%, 4, 0, 2, 308.96, 915361, 4
959, 260, 0, 3, 0, 0, 66.67%, 4, 0, 2, 345.17, 917161, 4
964, 260, 0, 3, 0, 0, 66.67%, 4, 0, 2, 425.70, 918416, 4
969, 261, 2, 3, 0, 0, 66.67%, 4, 0, 2, 383.12, 920245, 4
975, 261, 0, 3, 0, 0, 66.67%, 4, 0, 2, 352.60, 922013, 4
980, 262, 2, 3, 0, 0, 66.67%, 4, 0, 2, 388.39, 924034, 4
985, 262, 2, 3, 0, 0, 66.67%, 4, 0, 2, 373.90, 925863, 4
990, 262, 0, 3, 0, 0, 66.67%, 4, 0, 2, 324.37, 927484, 4
995, 263, 0, 3, 0, 0, 66.67%, 4, 0, 2, 26.23, 928814, 4
1000, 263, 2, 3, 0, 0, 66.67%, 4, 0, 2, 367.08, 930500, 4
1005, 264, 2, 3, 0, 0, 66.67%, 4, 0, 2, 363.08, 932291, 4
1010, 264, 2, 3, 0, 0, 66.67%, 4, 0, 2, 374.80, 934239, 4
1015, 265, 2, 3, 0, 0, 66.67%, 4, 0, 2, 361.71, 936010, 4
1020, 266, 1, 3, 0, 0, 66.67%, 4, 0, 2, 358.92, 937852, 4
1025, 266, 2, 3, 0, 0, 66.67%, 4, 0, 2, 378.97, 939777, 4
1031, 267, 0, 3, 0, 0, 66.67%, 4, 0, 2, 321.71, 941170, 4
1036, 267, 2, 3, 0, 0, 66.67%, 4, 0, 2, 326.67, 942831, 4
1041, 267, 2, 3, 0, 0, 66.67%, 4, 0, 2, 346.67, 944695, 4
1046, 268, 2, 3, 0, 0, 66.67%, 4, 0, 2, 368.12, 946631, 4
1051, 268, 0, 3, 0, 0, 66.67%, 4, 0, 2, 387.01, 948657, 4
1056, 269, 2, 3, 0, 0, 66.67%, 4, 0, 2, 377.13, 950553, 4
1062, 269, 2, 3, 0, 0, 66.67%, 4, 0, 2, 39.34, 952092, 4
1068, 270, 2, 3, 0, 0, 66.67%, 4, 0, 2, 334.81, 953896, 4
1073, 270, 0, 3, 0, 0, 66.67%, 4, 0, 2, 351.92, 955741, 4
1078, 271, 2, 3, 0, 0, 66.67%, 4, 0, 2, 336.39, 957539, 4
1083, 272, 2, 3, 0, 0, 66.67%, 4, 0, 2, 335.64, 959215, 4
1088, 272, 2, 3, 0, 0, 66.67%, 4, 0, 2, 380.69, 961148, 4
1093, 273, 2, 3, 0, 0, 66.67%, 4, 0, 2, 359.30, 962931, 4
1098, 273, 2, 3, 0, 0, 66.67%, 4, 0, 2, 302.46, 964293, 4
1103, 274, 2, 3, 0, 0, 66.67%, 4, 0, 2, 356.48, 966174, 4
1108, 274, 1, 3, 0, 0, 66.67%, 4, 0, 2, 377.25, 968099, 4
1114, 275, 2, 3, 0, 0, 66.67%, 4, 0, 2, 352.13, 969933, 4
1119, 275, 2, 3, 0, 0, 66.67%, 4, 0, 2, 380.02, 971831, 4
1124, 276, 0, 3, 0, 0, 66.67%, 4, 0, 2, 351.80, 973576, 4
1130, 276, 1, 3, 0, 0, 66.67%, 4, 0, 2, 43.45, 975312, 4
1135, 277, 2, 3, 0, 0, 66.67%, 4, 0, 2, 383.58, 977158, 4
1140, 278, 0, 3, 0, 0, 66.67%, 4, 0, 2, 402.42, 979245, 4
1145, 278, 2, 3, 0, 0, 66.67%, 4, 0, 2, 340.61, 981003, 4
1150, 278, 2, 3, 0, 0, 66.67%, 4, 0, 2, 385.36, 982985, 4
1155, 279, 2, 3, 0, 0, 66.67%, 4, 0, 2, 341.64, 984821, 4
1160, 279, 2, 3, 0, 0, 66.67%, 4, 0, 2, 359.49, 986636, 4
1166, 280, 2, 3, 0, 0, 66.67%, 4, 0, 2, 331.37, 988000, 4
1171, 280, 2, 3, 0, 0, 66.67%, 4, 0, 2, 352.48, 989813, 4
1176, 281, 2, 3, 0, 0, 66.67%, 4, 0, 2, 346.30, 991594, 4
1181, 281, 2, 3, 0, 0, 66.67%, 4, 0, 2, 349.50, 993360, 4
1186, 282, 2, 3, 0, 0, 66.67%, 4, 0, 2, 375.52, 995375, 4
1191, 282, 2, 3, 0, 0, 66.67%, 4, 0, 2, 336.72, 996978, 4
1197, 283, 2, 3, 0, 0, 66.67%, 4, 0, 2, 62.01, 998598, 4
1202, 283, 2, 3, 0, 0, 66.67%, 4, 0, 2, 397.85, 1000437, 4
1207, 284, 0, 3, 0, 0, 66.67%, 4, 0, 2, 400.70, 1002399, 4
1212, 284, 0, 3, 0, 0, 66.67%, 4, 0, 2, 361.58, 1004247, 4
1218, 285, 2, 3, 0, 0, 66.67%, 4, 0, 2, 398.60, 1006307, 4
1223, 285, 2, 3, 0, 0, 66.67%, 4, 0, 2, 378.33, 1008203, 4
1228, 286, 2, 3, 0, 0, 66.67%, 4, 0, 2, 366.98, 1010186, 4
1233, 286, 2, 3, 0, 0, 66.67%, 4, 0, 2, 337.90, 1011510, 4
1238, 287, 0, 3, 0, 0, 66.67%, 4, 0, 2, 349.18, 1013262, 4
1243, 287, 2, 3, 0, 0, 66.67%, 4, 0, 2, 393.80, 1015276, 4
1248, 288, 2, 3, 0, 0, 66.67%, 4, 0, 2, 388.35, 1017248, 4
1253, 288, 2, 3, 0, 0, 66.67%, 4, 0, 2, 369.22, 1019107, 4
1258, 289, 2, 3, 0, 0, 66.67%, 4, 0, 2, 345.94, 1020719, 4
1264, 290, 2, 3, 0, 0, 66.67%, 4, 0, 2, 15.51, 1022484, 4
1269, 290, 2, 3, 0, 0, 66.67%, 4, 0, 2, 396.19, 1024526, 4
1274, 290, 0, 3, 0, 0, 66.67%, 4, 0, 2, 374.71, 1026312, 4
1279, 291, 2, 3, 0, 0, 66.67%, 4, 0, 2, 380.69, 1028243, 4
1284, 292, 1, 3, 0, 0, 66.67%, 4, 0, 2, 362.79, 1030071, 4
1290, 292, 0, 3, 0, 0, 66.67%, 4, 0, 2, 377.72, 1032000, 4
1295, 293, 2, 3, 0, 0, 66.67%, 4, 0, 2, 383.22, 1033980, 4
1300, 294, 2, 3, 0, 0, 66.67%, 4, 0, 2, 350.14, 1035181, 4
1305, 294, 2, 3, 0, 0, 66.67%, 4, 0, 2, 364.30, 1037055, 4
1310, 295, 2, 3, 0, 0, 66.67%, 4, 0, 2, 372.41, 1038954, 4
1315, 295, 2, 3, 0, 0, 66.67%, 4, 0, 2, 357.79, 1040730, 4
1320, 296, 2, 3, 0, 0, 66.67%, 4, 0, 2, 376.60, 1042705, 4
1325, 297, 2, 3, 0, 0, 66.67%, 4, 0, 2, 339.11, 1044385, 4
1332, 297, 2, 3, 0, 0, 66.67%, 4, 0, 2, 36.53, 1046140, 4
1337, 298, 2, 3, 0, 0, 66.67%, 4, 0, 2, 333.27, 1047961, 4
1342, 298, 2, 3, 0, 0, 66.67%, 4, 0, 2, 354.86, 1049801, 4
1347, 299, 0, 3, 0, 0, 66.67%, 4, 0, 2, 353.52, 1051681, 4
1352, 299, 2, 3, 0, 0, 66.67%, 4, 0, 2, 343.54, 1053392, 4
1357, 299, 2, 3, 0, 0, 66.67%, 4, 0, 2, 342.66, 1055146, 4
1362, 300, 2, 3, 0, 0, 66.67%, 4, 0, 2, 341.62, 1056926, 4
1367, 300, 2, 3, 0, 0, 66.67%, 4, 0, 2, 478.07, 1058412, 4
1373, 301, 2, 3, 0, 0, 66.67%, 4, 0, 2, 367.69, 1060234, 4
1378, 301, 2, 3, 0, 0, 66.67%, 4, 0, 2, 352.37, 1061986, 4
1383, 302, 2, 3, 0, 0, 66.67%, 4, 0, 2, 329.25, 1063707, 4
1388, 302, 2, 3, 0, 0, 66.67%, 4, 0, 2, 381.12, 1065689, 4
1393, 303, 2, 3, 0, 0, 66.67%, 4, 0, 2, 384.30, 1067661, 4
1399, 304, 2, 3, 0, 0, 66.67%, 4, 0, 2, 4.98, 1069209, 4
1404, 304, 0, 3, 0, 0, 66.67%, 4, 0, 2, 355.47, 1070942, 4
1409, 304, 2, 3, 0, 0, 66.67%, 4, 0, 2, 369.21, 1072740, 4
1414, 305, 2, 3, 0, 0, 66.67%, 4, 0, 2, 377.82, 1074601, 4
1419, 306, 1, 3, 0, 0, 66.67%, 4, 0, 2, 331.96, 1076238, 4
1424, 306, 0, 3, 0, 0, 66.67%, 4, 0, 2, 349.85, 1078043, 4
1429, 307, 2, 3, 0, 0, 66.67%, 4, 0, 2, 345.58, 1079793, 4
1434, 307, 2, 3, 0, 0, 66.67%, 4, 0, 2, 286.30, 1081011, 4
1439, 307, 2, 3, 0, 0, 66.67%, 4, 0, 2, 324.78, 1082772, 4
1445, 308, 1, 3, 0, 0, 66.67%, 4, 0, 2, 349.07, 1084692, 4
1450, 308, 2, 3, 0, 0, 66.67%, 4, 0, 2, 385.07, 1086685, 4
1455, 309, 1, 3, 0, 0, 66.67%, 4, 0, 2, 358.93, 1088573, 4
1460, 310, 2, 3, 0, 0, 66.67%, 4, 0, 2, 363.44, 1090398, 4
1466, 310, 2, 3, 0, 0, 66.67%, 4, 0, 2, 31.09, 1092040, 4
1471, 311, 2, 3, 0, 0, 66.67%, 4, 0, 2, 382.46, 1093984, 4
1476, 311, 2, 3, 0, 0, 66.67%, 4, 0, 2, 373.50, 1095884, 4
1482, 312, 0, 3, 0, 0, 66.67%, 4, 0, 2, 403.48, 1098003, 4
1487, 312, 2, 3, 0, 0, 66.67%, 4, 0, 2, 373.99, 1099886, 4
1492, 313, 1, 3, 0, 0, 66.67%, 4, 0, 2, 380.12, 1101827, 4
1497, 313, 0, 3, 0, 0, 66.67%, 4, 0, 2, 345.58, 1103602, 4
1502, 313, 2, 3, 0, 0, 66.67%, 4, 0, 2, 367.52, 1104883, 4
1507, 314, 0, 3, 0, 0, 66.67%, 4, 0, 2, 350.65, 1106643, 4
1512, 314, 2, 3, 0, 0, 66.67%, 4, 0, 2, 384.22, 1108612, 4
1517, 315, 0, 3, 0, 0, 66.67%, 4, 0, 2, 352.40, 1110419, 4
1522, 315, 2, 3, 0, 0, 66.67%, 4, 0, 2, 360.62, 1112210, 4
1528, 316, 1, 3, 0, 0, 66.67%, 4, 0, 2, 342.97, 1113954, 4
1533, 316, 0, 3, 0, 0, 66.67%, 4, 0, 2, 24.06, 1115441, 4
1538, 317, 2, 3, 0, 0, 66.67%, 4, 0, 2, 451.47, 1117239, 4
1543, 317, 2, 3, 0, 0, 66.67%, 4, 0, 2, 330.60, 1118822, 4
1549, 318, 2, 3, 0, 0, 66.67%, 4, 0, 2, 355.94, 1120662, 4
1554, 318, 2, 3, 0, 0, 66.67%, 4, 0, 2, 369.79, 1122551, 4
1559, 319, 2, 3, 0, 0, 66.67%, 4, 0, 2, 351.60, 1124334, 4
1564, 320, 2, 3, 0, 0, 66.67%, 4, 0, 2, 373.41, 1126341, 4
1569, 320, 2, 3, 0, 0, 66.67%, 4, 0, 2, 345.25, 1127743, 4
1574, 320, 1, 3, 0, 0, 66.67%, 4, 0, 2, 355.51, 1129675, 4
1579, 321, 1, 3, 0, 0, 66.67%, 4, 0, 2, 372.13, 1131647, 4
1584, 321, 2, 3, 0, 0, 66.67%, 4, 0, 2, 353.08, 1133483, 4
1589, 322, 2, 3, 0, 0, 66.67%, 4, 0, 2, 349.51, 1135200, 4
1595, 322, 0, 3, 0, 0, 66.67%, 4, 0, 2, 369.72, 1137165, 4
1601, 323, 0, 3, 0, 0, 66.67%, 4, 0, 2, 40.88, 1138833, 4
1606, 323, 1, 3, 0, 0, 66.67%, 4, 0, 2, 433.65, 1141000, 4
1611, 324, 0, 3, 0, 0, 66.67%, 4, 0, 2, 395.95, 1142967, 4
1616, 325, 2, 3, 0, 0, 66.67%, 4, 0, 2, 389.31, 1144976, 4
1621, 325, 2, 3, 0, 0, 66.67%, 4, 0, 2, 331.57, 1146653, 4
1626, 325, 0, 3, 0, 0, 66.67%, 4, 0, 2, 361.57, 1148492, 4
1631, 326, 2, 3, 0, 0, 66.67%, 4, 0, 2, 368.27, 1150360, 4
1636, 326, 0, 3, 0, 0, 66.67%, 4, 0, 2, 377.43, 1151746, 4
1641, 327, 2, 3, 0, 0, 66.67%, 4, 0, 2, 358.73, 1153532, 4
1646, 328, 2, 3, 0, 0, 66.67%, 4, 0, 2, 349.47, 1155338, 4
1651, 328, 2, 3, 0, 0, 66.67%, 4, 0, 2, 330.78, 1156996, 4
1656, 329, 2, 3, 0, 0, 66.67%, 4, 0, 2, 343.19, 1158830, 4
1662, 329, 2, 3, 0, 0, 66.67%, 4, 0, 2, 398.76, 1160810, 4
1668, 330, 2, 3, 0, 0, 66.67%, 4, 0, 2, 32.24, 1162584, 4
1673, 330, 0, 3, 0, 0, 66.67%, 4, 0, 2, 386.49, 1164520, 4
1678, 331, 2, 3, 0, 0, 66.67%, 4, 0, 2, 384.85, 1166492, 4
1683, 331, 2, 3, 0, 0, 66.67%, 4, 0, 2, 360.54, 1168307, 4
1688, 332, 1, 3, 0, 0, 66.67%, 4, 0, 2, 387.47, 1170417, 4
1694, 332, 2, 3, 0, 0, 66.67%, 4, 0, 2, 360.01, 1172206, 4
1699, 333, 2, 3, 0, 0, 66.67%, 4, 0, 2, 360.26, 1174169, 4
1704, 333, 2, 3, 0, 0, 66.67%, 4, 0, 2, 356.29, 1175613, 4
1709, 333, 2, 3, 0, 0, 66.67%, 4, 0, 2, 347.91, 1177360, 4
1714, 335, 2, 3, 0, 0, 66.67%, 4, 0, 2, 374.62, 1179243, 4
1719, 335, 2, 3, 0, 0, 66.67%, 4, 0, 2, 403.96, 1181247, 4
1725, 335, 2, 3, 0, 0, 66.67%, 4, 0, 2, 391.54, 1183314, 4
1730, 336, 0, 3, 0, 0, 66.67%, 4, 0, 2, 351.44, 1185094, 4
1735, 336, 2, 3, 0, 0, 66.67%, 4, 0, 2, 7.46, 1186566, 4
1740, 337, 2, 3, 0, 0, 66.67%, 4, 0, 2, 295.06, 1188211, 4
1746, 338, 2, 3, 0, 0, 66.67%, 4, 0, 2, 374.86, 1190191, 4
1751, 338, 0, 3, 0, 0, 66.67%, 4, 0, 2, 376.16, 1192104, 4
1756, 338, 2, 3, 0, 0, 66.67%, 4, 0, 2, 347.18, 1193814, 4
1761, 339, 2, 3, 0, 0, 66.67%, 4, 0, 2, 365.83, 1195678, 4
1766, 339, 1, 3, 0, 0, 66.67%, 4, 0, 2, 392.20, 1197760, 4
1771, 340, 2, 3, 0, 0, 66.67%, 4, 0, 2, 309.14, 1198957, 4
1776, 341, 2, 3, 0, 0, 66.67%, 4, 0, 2, 339.18, 1200741, 4
1781, 341, 2, 3, 0, 0, 66.67%, 4, 0, 2, 398.29, 1202767, 4
1786, 341, 2, 3, 0, 0, 66.67%, 4, 0, 2, 349.85, 1204463, 4
1791, 342, 2, 3, 0, 0, 66.67%, 4, 0, 2, 364.68, 1206411, 4
1796, 342, 0, 3, 0, 0, 66.67%, 4, 0, 2, 367.63, 1208296, 4
1803, 343, 2, 3, 0, 0, 66.67%, 4, 0, 2, 23.65, 1210270, 4
1808, 343, 2, 3, 0, 0, 66.67%, 4, 0, 2, 415.87, 1212286, 4
1813, 344, 2, 3, 0, 0, 66.67%, 4, 0, 2, 351.13, 1213985, 4
1818, 344, 2, 3, 0, 0, 66.67%, 4, 0, 2, 368.90, 1215880, 4
1823, 345, 2, 3, 0, 0, 66.67%, 4, 0, 2, 356.78, 1217704, 4
1828, 345, 2, 3, 0, 0, 66.67%, 4, 0, 2, 368.63, 1219578, 4
1833, 346, 2, 3, 0, 0, 66.67%, 4, 0, 2, 374.96, 1221525, 4
1838, 346, 2, 3, 0, 0, 66.67%, 4, 0, 2, 384.93, 1222807, 4
1843, 347, 2, 3, 0, 0, 66.67%, 4, 0, 2, 381.70, 1224805, 4
1848, 347, 2, 3, 0, 0, 66.67%, 4, 0, 2, 363.34, 1226653, 4
1854, 348, 1, 3, 0, 0, 66.67%, 4, 0, 2, 363.35, 1228476, 4
1859, 348, 0, 3, 0, 0, 66.67%, 4, 0, 2, 371.56, 1230391, 4
1864, 349, 2, 3, 0, 0, 66.67%, 4, 0, 2, 376.09, 1232224, 4
1870, 350, 2, 3, 0, 0, 66.67%, 4, 0, 2, 63.83, 1233913, 4
1875, 350, 2, 3, 0, 0, 66.67%, 4, 0, 2, 362.16, 1235742, 4
1880, 350, 2, 3, 0, 0, 66.67%, 4, 0, 2, 346.94, 1237522, 4
1885, 351, 0, 3, 0, 0, 66.67%, 4, 0, 2, 332.19, 1239303, 4
1890, 351, 1, 3, 0, 0, 66.67%, 4, 0, 2, 367.57, 1241164, 4
1896, 352, 0, 3, 0, 0, 66.67%, 4, 0, 2, 330.67, 1242848, 4
1901, 352, 2, 3, 0, 0, 66.67%, 4, 0, 2, 366.47, 1244730, 4
1906, 353, 2, 3, 0, 0, 66.67%, 4, 0, 2, 315.88, 1245917, 4
1911, 353, 2, 3, 0, 0, 66.67%, 4, 0, 2, 368.01, 1247883, 4
1916, 353, 2, 3, 0, 0, 66.67%, 4, 0, 2, 352.70, 1249677, 4
1921, 354, 2, 3, 0, 0, 66.67%, 4, 0, 2, 343.80, 1251453, 4
1926, 354, 2, 3, 0, 0, 66.67%, 4, 0, 2, 342.71, 1253211, 4
1931, 355, 2, 3, 0, 0, 66.67%, 4, 0, 2, 369.98, 1255105, 4
1937, 355, 2, 3, 0, 0, 66.67%, 4, 0, 2, 18.13, 1256618, 4
1942, 356, 0, 3, 0, 0, 66.67%, 4, 0, 2, 383.26, 1258440, 4
1947, 356, 2, 3, 0, 0, 66.67%, 4, 0, 2, 358.76, 1260232, 4
1952, 356, 2, 3, 0, 0, 66.67%, 4, 0, 2, 355.83, 1262054, 4
1958, 357, 2, 3, 0, 0, 66.67%, 4, 0, 2, 354.74, 1263856, 4
1963, 358, 2, 3, 0, 0, 66.67%, 4, 0, 2, 378.05, 1265767, 4
1968, 358, 2, 3, 0, 0, 66.67%, 4, 0, 2, 367.87, 1267678, 4
1973, 359, 2, 3, 0, 0, 66.67%, 4, 0, 2, 320.42, 1269099, 4
1978, 360, 2, 3, 0, 0, 66.67%, 4, 0, 2, 349.34, 1270902, 4
1983, 360, 2, 3, 0, 0, 66.67%, 4, 0, 2, 351.87, 1272630, 4
1988, 361, 2, 3, 0, 0, 66.67%, 4, 0, 2, 364.97, 1274617, 4
1993, 361, 2, 3, 0, 0, 66.67%, 4, 0, 2, 338.88, 1276271, 4
1998, 362, 0, 3, 0, 0, 66.67%, 4, 0, 2, 361.35, 1278156, 4
2005, 362, 2, 3, 0, 0, 66.67%, 4, 0, 2, 30.04, 1279877, 4
2010, 363, 2, 3, 0, 0, 66.67%, 4, 0, 2, 404.96, 1281885, 4
2015, 363, 2, 3, 0, 0, 66.67%, 4, 0, 2, 370.68, 1283668, 4
2020, 364, 0, 3, 0, 0, 66.67%, 4, 0, 2, 358.26, 1285470, 4
2025, 364, 2, 3, 0, 0, 66.67%, 4, 0, 2, 364.07, 1287409, 4
2030, 365, 2, 3, 0, 0, 66.67%, 4, 0, 2, 351.86, 1289160, 4
2035, 365, 2, 3, 0, 0, 66.67%, 4, 0, 2, 359.76, 1290990, 4
2041, 365, 2, 3, 0, 0, 66.67%, 4, 0, 2, 431.65, 1292467, 4
2046, 366, 2, 3, 0, 0, 66.67%, 4, 0, 2, 366.51, 1294241, 4
2051, 366, 2, 3, 0, 0, 66.67%, 4, 0, 2, 328.40, 1295897, 4
2056, 367, 0, 3, 0, 0, 66.67%, 4, 0, 2, 366.93, 1297795, 4
2061, 367, 2, 3, 0, 0, 66.67%, 4, 0, 2, 354.01, 1299638, 4
2066, 368, 2, 3, 0, 0, 66.67%, 4, 0, 2, 385.32, 1301649, 4
2682, 368, 0, 3, 0, 0, 66.67%, 4, 0, 2, 0.13, 1302427, 4
2687, 368, 2, 3, 0, 0, 66.67%, 4, 0, 2, 319.01, 1304145, 4
2692, 369, 0, 3, 0, 0, 66.67%, 4, 0, 2, 365.07, 1306067, 4
2698, 369, 2, 3, 0, 0, 66.67%, 4, 0, 2, 74.16, 1308203, 4
2703, 369, 2, 3, 0, 0, 66.67%, 4, 0, 2, 406.62, 1309961, 4
2708, 370, 2, 3, 0, 0, 66.67%, 4, 0, 2, 377.79, 1311844, 4
2713, 370, 0, 3, 0, 0, 66.67%, 4, 0, 2, 328.31, 1313498, 4
2718, 371, 2, 3, 0, 0, 66.67%, 4, 0, 2, 352.83, 1315320, 4
2723, 371, 2, 3, 0, 0, 66.67%, 4, 0, 2, 381.64, 1317229, 4
2729, 372, 2, 3, 0, 0, 66.67%, 4, 0, 2, 400.61, 1319264, 4
2734, 372, 2, 3, 0, 0, 66.67%, 4, 0, 2, 401.75, 1320770, 4
2739, 373, 1, 3, 0, 0, 66.67%, 4, 0, 2, 366.65, 1322561, 4
2744, 373, 1, 3, 0, 0, 66.67%, 4, 0, 2, 361.39, 1324337, 4
2749, 374, 2, 3, 0, 0, 66.67%, 4, 0, 2, 354.02, 1326069, 4
2754, 375, 2, 3, 0, 0, 66.67%, 4, 0, 2, 383.62, 1328037, 4
2759, 375, 2, 3, 0, 0, 66.67%, 4, 0, 2, 342.05, 1329727, 4
2765, 376, 2, 3, 0, 0, 66.67%, 4, 0, 2, 20.83, 1331350, 4
2770, 376, 1, 3, 0, 0, 66.67%, 4, 0, 2, 331.98, 1332963, 4
2775, 377, 0, 3, 0, 0, 66.67%, 4, 0, 2, 346.23, 1334766, 4
2780, 377, 2, 3, 0, 0, 66.67%, 4, 0, 2, 349.03, 1336518, 4
2785, 378, 2, 3, 0, 0, 66.67%, 4, 0, 2, 350.92, 1338305, 4
2790, 378, 2, 3, 0, 0, 66.67%, 4, 0, 2, 392.45, 1340349, 4
2795, 379, 2, 3, 0, 0, 66.67%, 4, 0, 2, 360.71, 1342209, 4
2800, 379, 0, 3, 0, 0, 66.67%, 4, 0, 2, 304.13, 1343527, 4
2805, 380, 1, 3, 0, 0, 66.67%, 4, 0, 2, 367.97, 1345471, 4
2810, 380, 2, 3, 0, 0, 66.67%, 4, 0, 2, 373.38, 1347429, 4
2815, 381, 2, 3, 0, 0, 66.67%, 4, 0, 2, 369.59, 1349356, 4
2820, 381, 0, 3, 0, 0, 66.67%, 4, 0, 2, 348.20, 1351128, 4
2825, 381, 2, 3, 0, 0, 66.67%, 4, 0, 2, 342.33, 1352864, 4
2831, 382, 0, 3, 0, 0, 66.67%, 4, 0, 2, 38.77, 1354468, 4
2836, 382, 0, 3, 0, 0, 66.67%, 4, 0, 2, 365.07, 1356317, 4
2841, 383, 2, 3, 0, 0, 66.67%, 4, 0, 2, 368.93, 1358231, 4
2846, 383, 2, 3, 0, 0, 66.67%, 4, 0, 2, 330.68, 1359875, 4
2852, 384, 0, 3, 0, 0, 66.67%, 4, 0, 2, 343.10, 1361611, 4
2857, 384, 1, 3, 0, 0, 66.67%, 4, 0, 2, 379.37, 1363570, 4
2862, 385, 0, 3, 0, 0, 66.67%, 4, 0, 2, 351.50, 1365341, 4
2867, 385, 2, 3, 0, 0, 66.67%, 4, 0, 2, 340.90, 1366783, 4
2872, 386, 2, 3, 0, 0, 66.67%, 4, 0, 2, 381.35, 1368780, 4
2877, 386, 2, 3, 0, 0, 66.67%, 4, 0, 2, 351.43, 1370528, 4
2882, 387, 2, 3, 0, 0, 66.67%, 4, 0, 2, 400.20, 1372601, 4
2887, 388, 0, 3, 0, 0, 66.67%, 4, 0, 2, 353.39, 1374283, 4
2892, 388, 2, 3, 0, 0, 66.67%, 4, 0, 2, 372.00, 1376217, 4
2898, 389, 2, 3, 0, 0, 66.67%, 4, 0, 2, 24.84, 1377783, 4
2903, 389, 2, 3, 0, 0, 66.67%, 4, 0, 2, 392.48, 1379643, 4
2908, 390, 1, 3, 0, 0, 66.67%, 4, 0, 2, 374.97, 1381507, 4
2913, 390, 2, 3, 0, 0, 66.67%, 4, 0, 2, 331.52, 1383149, 4
2918, 391, 1, 3, 0, 0, 66.67%, 4, 0, 2, 336.19, 1384907, 4
2923, 392, 2, 3, 0, 0, 66.67%, 4, 0, 2, 334.34, 1386708, 4
2929, 393, 2, 3, 0, 0, 66.67%, 4, 0, 2, 364.11, 1388645, 4
2934, 393, 2, 3, 0, 0, 66.67%, 4, 0, 2, 303.18, 1389965, 4
2939, 393, 2, 3, 0, 0, 66.67%, 4, 0, 2, 377.82, 1391945, 4
2944, 394, 2, 3, 0, 0, 66.67%, 4, 0, 2, 361.29, 1393742, 4
2949, 394, 2, 3, 0, 0, 66.67%, 4, 0, 2, 396.45, 1395796, 4
2954, 395, 0, 3, 0, 0, 66.67%, 4, 0, 2, 360.95, 1397578, 4
2959, 395, 0, 3, 0, 0, 66.67%, 4, 0, 2, 344.99, 1399310, 4
2964, 396, 2, 3, 0, 0, 66.67%, 4, 0, 2, 31.06, 1400783, 4
2970, 396, 2, 3, 0, 0, 66.67%, 4, 0, 2, 324.97, 1402615, 4
2975, 397, 0, 3, 0, 0, 66.67%, 4, 0, 2, 369.06, 1404517, 4
2980, 397, 2, 3, 0, 0, 66.67%, 4, 0, 2, 375.35, 1406368, 4
2985, 398, 2, 3, 0, 0, 66.67%, 4, 0, 2, 396.31, 1408347, 4
2990, 398, 2, 3, 0, 0, 66.67%, 4, 0, 2, 342.38, 1410009, 4
2995, 399, 2, 3, 0, 0, 66.67%, 4, 0, 2, 341.54, 1411682, 4
3000, 399, 2, 3, 0, 0, 66.67%, 4, 0, 2, 263.94, 1412963, 4
3005, 400, 1, 3, 0, 0, 66.67%, 4, 0, 2, 328.86, 1414725, 4
3010, 401, 2, 3, 0, 0, 66.67%, 4, 0, 2, 323.20, 1416434, 4
3015, 401, 2, 3, 0, 0, 66.67%, 4, 0, 2, 340.13, 1418248, 4
3020, 402, 2, 3, 0, 0, 66.67%, 4, 0, 2, 367.34, 1420098, 4
3025, 402, 1, 3, 0, 0, 66.67%, 4, 0, 2, 346.76, 1421840, 4
3031, 403, 2, 3, 0, 0, 66.67%, 4, 0, 2, 21.20, 1423397, 4
3036, 403, 2, 3, 0, 0, 66.67%, 4, 0, 2, 360.36, 1425261, 4
3041, 404, 2, 3, 0, 0, 66.67%, 4, 0, 2, 327.23, 1426849, 4
3046, 404, 2, 3, 0, 0, 66.67%, 4, 0, 2, 350.97, 1428636, 4
3051, 405, 2, 3, 0, 0, 66.67%, 4, 0, 2, 350.69, 1430400, 4
3057, 405, 2, 3, 0, 0, 66.67%, 4, 0, 2, 334.87, 1432105, 4
3062, 406, 0, 3, 0, 0, 66.67%, 4, 0, 2, 339.46, 1433825, 4
3067, 406, 0, 3, 0, 0, 66.67%, 4, 0, 2, 209.46, 1435286, 4
3072, 406, 2, 3, 0, 0, 66.67%, 4, 0, 2, 322.19, 1437079, 4
3077, 407, 0, 3, 0, 0, 66.67%, 4, 0, 2, 359.95, 1439058, 4
3082, 407, 2, 3, 0, 0, 66.67%, 4, 0, 2, 363.43, 1440878, 4
3087, 408, 2, 3, 0, 0, 66.67%, 4, 0, 2, 364.15, 1442721, 4
3092, 409, 2, 3, 0, 0, 66.67%, 4, 0, 2, 371.32, 1444605, 4
3098, 409, 2, 3, 0, 0, 66.67%, 4, 0, 2, 37.30, 1446233, 4
3103, 410, 2, 3, 0, 0, 66.67%, 4, 0, 2, 349.73, 1447944, 4
3108, 410, 2, 3, 0, 0, 66.67%, 4, 0, 2, 388.51, 1449871, 4
3113, 411, 1, 3, 0, 0, 66.67%, 4, 0, 2, 372.37, 1451664, 4
3118, 411, 2, 3, 0, 0, 66.67%, 4, 0, 2, 354.64, 1453481, 4
3123, 412, 2, 3, 0, 0, 66.67%, 4, 0, 2, 346.79, 1455353, 4
3128, 412, 2, 3, 0, 0, 66.67%, 4, 0, 2, 354.30, 1457324, 4
3134, 413, 2, 3, 0, 0, 66.67%, 4, 0, 2, 372.13, 1458708, 4
3139, 413, 2, 3, 0, 0, 66.67%, 4, 0, 2, 335.68, 1460407, 4
3144, 414, 2, 3, 0, 0, 66.67%, 4, 0, 2, 333.38, 1462102, 4
3149, 414, 2, 3, 0, 0, 66.67%, 4, 0, 2, 356.33, 1463868, 4
3154, 415, 2, 3, 0, 0, 66.67%, 4, 0, 2, 378.84, 1465817, 4
3159, 415, 2, 3, 0, 0, 66.67%, 4, 0, 2, 352.40, 1467687, 4
3164, 416, 0, 3, 0, 0, 66.67%, 4, 0, 2, 13.69, 1469158, 4
3169, 416, 1, 3, 0, 0, 66.67%, 4, 0, 2, 297.15, 1470686, 4
3174, 417, 2, 3, 0, 0, 66.67%, 4, 0, 2, 348.36, 1472573, 4
3179, 417, 2, 3, 0, 0, 66.67%, 4, 0, 2, 347.66, 1474366, 4
3185, 417, 2, 3, 0, 0, 66.67%, 4, 0, 2, 340.44, 1476066, 4
3190, 418, 2, 3, 0, 0, 66.67%, 4, 0, 2, 372.43, 1478036, 4
3195, 418, 2, 3, 0, 0, 66.67%, 4, 0, 2, 325.97, 1479704, 4
3200, 419, 2, 3, 0, 0, 66.67%, 4, 0, 2, 297.44, 1481204, 4
3205, 419, 2, 3, 0, 0, 66.67%, 4, 0, 2, 347.90, 1482989, 4
3210, 420, 0, 3, 0, 0, 66.67%, 4, 0, 2, 328.24, 1484637, 4
3215, 420, 2, 3, 0, 0, 66.67%, 4, 0, 2, 368.64, 1486549, 4
3220, 421, 0, 3, 0, 0, 66.67%, 4, 0, 2, 360.76, 1488438, 4
3225, 421, 2, 3, 0, 0, 66.67%, 4, 0, 2, 351.24, 1490274, 4
3231, 422, 2, 3, 0, 0, 66.67%, 4, 0, 2, 6.84, 1491800, 4
3236, 423, 2, 3, 0, 0, 66.67%, 4, 0, 2, 339.98, 1493585, 4
3241, 423, 2, 3, 0, 0, 66.67%, 4, 0, 2, 324.09, 1495219, 4
3246, 424, 2, 3, 0, 0, 66.67%, 4, 0, 2, 371.13, 1497188, 4
3251, 424, 0, 3, 0, 0, 66.67%, 4, 0, 2, 371.95, 1499059, 4
3256, 425, 0, 3, 0, 0, 66.67%, 4, 0, 2, 361.46, 1500889, 4
3261, 425, 2, 3, 0, 0, 66.67%, 4, 0, 2, 360.63, 1502694, 4
3266, 425, 2, 3, 0, 0, 66.67%, 4, 0, 2, 327.87, 1504060, 4
3271, 426, 2, 3, 0, 0, 66.67%, 4, 0, 2, 364.81, 1505977, 4
3277, 426, 2, 3, 0, 0, 66.67%, 4, 0, 2, 349.52, 1507810, 4
3282, 427, 2, 3, 0, 0, 66.67%, 4, 0, 2, 371.43, 1509661, 4
3287, 428, 2, 3, 0, 0, 66.67%, 4, 0, 2, 360.55, 1511487, 4
3292, 428, 2, 3, 0, 0, 66.67%, 4, 0, 2, 331.04, 1513120, 4
3297, 428, 2, 3, 0, 0, 66.67%, 4, 0, 2, 49.65, 1514643, 4
3302, 429, 0, 3, 0, 0, 66.67%, 4, 0, 2, 410.09, 1516606, 4
3307, 429, 0, 3, 0, 0, 66.67%, 4, 0, 2, 371.68, 1518491, 4
3312, 430, 2, 3, 0, 0, 66.67%, 4, 0, 2, 335.42, 1520109, 4
3317, 430, 2, 3, 0, 0, 66.67%, 4, 0, 2, 366.37, 1521988, 4
3322, 431, 2, 3, 0, 0, 66.67%, 4, 0, 2, 384.41, 1524028, 4
3327, 431, 2, 3, 0, 0, 66.67%, 4, 0, 2, 363.32, 1525899, 4
3333, 431, 2, 3, 0, 0, 66.67%, 4, 0, 2, 303.86, 1527443, 4
3338, 432, 1, 3, 0, 0, 66.67%, 4, 0, 2, 372.08, 1529371, 4
3343, 433, 2, 3, 0, 0, 66.67%, 4, 0, 2, 397.24, 1531381, 4
3348, 433, 2, 3, 0, 0, 66.67%, 4, 0, 2, 376.35, 1533252, 4
3353, 434, 0, 3, 0, 0, 66.67%, 4, 0, 2, 361.09, 1535081, 4
3358, 434, 2, 3, 0, 0, 66.67%, 4, 0, 2, 357.72, 1536941, 4
3363, 435, 2, 3, 0, 0, 66.67%, 4, 0, 2, 7.45, 1538504, 4
3368, 435, 1, 3, 0, 0, 66.67%, 4, 0, 2, 357.07, 1540249, 4
3373, 436, 2, 3, 0, 0, 66.67%, 4, 0, 2, 335.20, 1541929, 4
3378, 436, 2, 3, 0, 0, 66.67%, 4, 0, 2, 362.24, 1543786, 4
3384, 437, 2, 3, 0, 0, 66.67%, 4, 0, 2, 389.61, 1545765, 4
3389, 437, 2, 3, 0, 0, 66.67%, 4, 0, 2, 366.96, 1547643, 4
3394, 438, 1, 3, 0, 0, 66.67%, 4, 0, 2, 388.23, 1549613, 4
3399, 438, 2, 3, 0, 0, 66.67%, 4, 0, 2, 340.79, 1551045, 4
3404, 439, 2, 3, 0, 0, 66.67%, 4, 0, 2, 369.71, 1552954, 4
3409, 439, 1, 3, 0, 0, 66.67%, 4, 0, 2, 364.30, 1554737, 4
3414, 440, 2, 3, 0, 0, 66.67%, 4, 0, 2, 349.25, 1556548, 4
3419, 440, 0, 3, 0, 0, 66.67%, 4, 0, 2, 348.53, 1558370, 4
3425, 441, 2, 3, 0, 0, 66.67%, 4, 0, 2, 352.07, 1560157, 4
3430, 442, 2, 3, 0, 0, 66.67%, 4, 0, 2, 431.19, 1561647, 4
3435, 442, 2, 3, 0, 0, 66.67%, 4, 0, 2, 400.64, 1563635, 4
3440, 442, 2, 3, 0, 0, 66.67%, 4, 0, 2, 363.49, 1565414, 4
3445, 443, 0, 3, 0, 0, 66.67%, 4, 0, 2, 382.54, 1567280, 4
3450, 444, 2, 3, 0, 0, 66.67%, 4, 0, 2, 341.40, 1568854, 4
3455, 444, 1, 3, 0, 0, 66.67%, 4, 0, 2, 332.45, 1570748, 4
3460, 445, 0, 3, 0, 0, 66.67%, 4, 0, 2, 353.31, 1572511, 4
3465, 445, 2, 3, 0, 0, 66.67%, 4, 0, 2, 476.77, 1574152, 4
3471, 446, 2, 3, 0, 0, 66.67%, 4, 0, 2, 384.55, 1575969, 4
3476, 446, 1, 3, 0, 0, 66.67%, 4, 0, 2, 367.92, 1577822, 4
3481, 447, 2, 3, 0, 0, 66.67%, 4, 0, 2, 409.02, 1579928, 4
3486, 448, 0, 3, 0, 0, 66.67%, 4, 0, 2, 369.08, 1581797, 4
3491, 449, 2, 3, 0, 0, 66.67%, 4, 0, 2, 350.16, 1583541, 4
3496, 449, 2, 3, 0, 0, 66.67%, 4, 0, 2, 255.92, 1584922, 4
3501, 449, 2, 3, 0, 0, 66.67%, 4, 0, 2, 346.71, 1586898, 4
3506, 450, 2, 3, 0, 0, 66.67%, 4, 0, 2, 341.53, 1588631, 4
3511, 450, 0, 3, 0, 0, 66.67%, 4, 0, 2, 360.41, 1590465, 4
3516, 451, 2, 3, 0, 0, 66.67%, 4, 0, 2, 373.26, 1592446, 4
3522, 451, 2, 3, 0, 0, 66.67%, 4, 0, 2, 347.95, 1594210, 4
3527, 452, 2, 3, 0, 0, 66.67%, 4, 0, 2, 356.49, 1596030, 4
3532, 452, 2, 3, 0, 0, 66.67%, 4, 0, 2, 298.22, 1597520, 4
3537, 452, 2, 3, 0, 0, 66.67%, 4, 0, 2, 336.57, 1599273, 4
3542, 453, 2, 3, 0, 0, 66.67%, 4, 0, 2, 365.23, 1601170, 4
3547, 453, 2, 3, 0, 0, 66.67%, 4, 0, 2, 353.68, 1602908, 4
3552, 454, 1, 3, 0, 0, 66.67%, 4, 0, 2, 353.74, 1604695, 4
3557, 455, 2, 3, 0, 0, 66.67%, 4, 0, 2, 380.28, 1606665, 4
3562, 455, 2, 3, 0, 0, 66.67%, 4, 0, 2, 288.73, 1608295, 4
3568, 456, 1, 3, 0, 0, 66.67%, 4, 0, 2, 342.88, 1610138, 4
3573, 456, 2, 3, 0, 0, 66.67%, 4, 0, 2, 365.83, 1612009, 4
3578, 457, 2, 3, 0, 0, 66.67%, 4, 0, 2, 362.76, 1613883, 4
3583, 457, 2, 3, 0, 0, 66.67%, 4, 0, 2, 381.76, 1615775, 4
3588, 458, 2, 3, 0, 0, 66.67%, 4, 0, 2, 324.17, 1617393, 4
3593, 458, 2, 3, 0, 0, 66.67%, 4, 0, 2, 352.90, 1619230, 4
3598, 459, 2, 3, 0, 0, 66.67%, 4, 0, 2, 345.01, 1620779, 4
3603, 459, 2, 3, 0, 0, 66.67%, 4, 0, 2, 328.97, 1622451, 4
3608, 459, 2, 3, 0, 0, 66.67%, 4, 0, 2, 374.26, 1624470, 4
3614, 460, 0, 3, 0, 0, 66.67%, 4, 0, 2, 352.89, 1626179, 4
3619, 460, 2, 3, 0, 0, 66.67%, 4, 0, 2, 339.69, 1627862, 4
3624, 461, 2, 3, 0, 0, 66.67%, 4, 0, 2, 357.37, 1629719, 4
3629, 461, 2, 3, 0, 0, 66.67%, 4, 0, 2, 119.77, 1631230, 4
3634, 461, 2, 3, 0, 0, 66.67%, 4, 0, 2, 288.33, 1632989, 4
3639, 462, 2, 3, 0, 0, 66.67%, 4, 0, 2, 343.17, 1634961, 4
3644, 463, 2, 3, 0, 0, 66.67%, 4, 0, 2, 356.32, 1636818, 4
3649, 464, 2, 3, 0, 0, 66.67%, 4, 0, 2, 356.09, 1638600, 4
3654, 464, 0, 3, 0, 0, 66.67%, 4, 0, 2, 369.38, 1640499, 4
3660, 465, 0, 3, 0, 0, 66.67%, 4, 0, 2, 325.84, 1642131, 4
3665, 465, 2, 3, 0, 0, 66.67%, 4, 0, 2, 344.41, 1643684, 4
3670, 465, 2, 3, 0, 0, 66.67%, 4, 0, 2, 338.63, 1645478, 4
3675, 466, 2, 3, 0, 0, 66.67%, 4, 0, 2, 369.50, 1647354, 4
3680, 467, 1, 3, 0, 0, 66.67%, 4, 0, 2, 355.45, 1649169, 4
3685, 468, 2, 3, 0, 0, 66.67%, 4, 0, 2, 356.81, 1650981, 4
3690, 468, 2, 3, 0, 0, 66.67%, 4, 0, 2, 405.89, 1652985, 4
3695, 468, 0, 3, 0, 0, 66.67%, 4, 0, 2, 374.74, 1654394, 4
3700, 469, 2, 3, 0, 0, 66.67%, 4, 0, 2, 359.69, 1656122, 4
3706, 469, 2, 3, 0, 0, 66.67%, 4, 0, 2, 383.58, 1658227, 4
3711, 470, 1, 3, 0, 0, 66.67%, 4, 0, 2, 385.13, 1660211, 4
3716, 471, 2, 3, 0, 0, 66.67%, 4, 0, 2, 373.57, 1662076, 4
3721, 471, 2, 3, 0, 0, 66.67%, 4, 0, 2, 349.75, 1663820, 4
3726, 472, 2, 3, 0, 0, 66.67%, 4, 0, 2, 374.82, 1665684, 4
3731, 472, 0, 3, 0, 0, 66.67%, 4, 0, 2, 349.26, 1667367, 4
3736, 473, 2, 3, 0, 0, 66.67%, 4, 0, 2, 338.14, 1669049, 4
3741, 473, 2, 3, 0, 0, 66.67%, 4, 0, 2, 347.19, 1670845, 4
3746, 473, 2, 3, 0, 0, 66.67%, 4, 0, 2, 355.00, 1672662, 4
3751, 474, 2, 3, 0, 0, 66.67%, 4, 0, 2, 371.16, 1674599, 4
3757, 474, 2, 3, 0, 0, 66.67%, 4, 0, 2, 339.20, 1676288, 4
3762, 475, 1, 3, 0, 0, 66.67%, 4, 0, 2, 469.02, 1677857, 4
3767, 475, 2, 3, 0, 0, 66.67%, 4, 0, 2, 377.72, 1679626, 4
3772, 476, 2, 3, 0, 0, 66.67%, 4, 0, 2, 336.46, 1681415, 4
3777, 476, 1, 3, 0, 0, 66.67%, 4, 0, 2, 375.11, 1683318, 4
3782, 477, 2, 3, 0, 0, 66.67%, 4, 0, 2, 362.12, 1685079, 4
3787, 478, 0, 3, 0, 0, 66.67%, 4, 0, 2, 364.41, 1686966, 4
3792, 478, 2, 3, 0, 0, 66.67%, 4, 0, 2, 373.66, 1688788, 4
3797, 479, 0, 3, 0, 0, 66.67%, 4, 0, 2, 423.68, 1690353, 4
3802, 479, 2, 3, 0, 0, 66.67%, 4, 0, 2, 397.68, 1692288, 4
3808, 480, 2, 3, 0, 0, 66.67%, 4, 0, 2, 328.39, 1693920, 4
3813, 480, 2, 3, 0, 0, 66.67%, 4, 0, 2, 377.67, 1695854, 4
3818, 481, 2, 3, 0, 0, 66.67%, 4, 0, 2, 352.96, 1697659, 4
3823, 482, 0, 3, 0, 0, 66.67%, 4, 0, 2, 353.26, 1699418, 4
3828, 482, 2, 3, 0, 0, 66.67%, 4, 0, 2, 245.43, 1700904, 4
3833, 482, 2, 3, 0, 0, 66.67%, 4, 0, 2, 348.55, 1702794, 4
3838, 483, 1, 3, 0, 0, 66.67%, 4, 0, 2, 382.18, 1704693, 4
3843, 484, 0, 3, 0, 0, 66.67%, 4, 0, 2, 350.32, 1706428, 4
3848, 484, 2, 3, 0, 0, 66.67%, 4, 0, 2, 323.98, 1708075, 4
3853, 484, 2, 3, 0, 0, 66.67%, 4, 0, 2, 339.97, 1709875, 4
3858, 485, 0, 3, 0, 0, 66.67%, 4, 0, 2, 336.59, 1711586, 4
3863, 485, 2, 3, 0, 0, 66.67%, 4, 0, 2, 320.65, 1713068, 4
3869, 486, 2, 3, 0, 0, 66.67%, 4, 0, 2, 346.68, 1714852, 4
3874, 486, 2, 3, 0, 0, 66.67%, 4, 0, 2, 354.99, 1716604, 4
3879, 486, 2, 3, 0, 0, 66.67%, 4, 0, 2, 412.30, 1718822, 4
3884, 487, 2, 3, 0, 0, 66.67%, 4, 0, 2, 383.76, 1720760, 4
3889, 487, 2, 3, 0, 0, 66.67%, 4, 0, 2, 389.90, 1722666, 4
3894, 488, 2, 3, 0, 0, 66.67%, 4, 0, 2, 348.52, 1724216, 4
3899, 488, 2, 3, 0, 0, 66.67%, 4, 0, 2, 377.29, 1726135, 4
3904, 489, 2, 3, 0, 0, 66.67%, 4, 0, 2, 355.30, 1727894, 4
3909, 489, 1, 3, 0, 0, 66.67%, 4, 0, 2, 344.16, 1729692, 4
3915, 490, 1, 3, 0, 0, 66.67%, 4, 0, 2, 372.83, 1731663, 4
3920, 490, 0, 3, 0, 0, 66.67%, 4, 0, 2, 357.17, 1733487, 4
3925, 491, 2, 3, 0, 0, 66.67%, 4, 0, 2, 347.68, 1735253, 4
3930, 491, 2, 3, 0, 0, 66.67%, 4, 0, 2, 346.33, 1736653, 4
3935, 491, 0, 3, 0, 0, 66.67%, 4, 0, 2, 350.31, 1738468, 4
3940, 492, 2, 3, 0, 0, 66.67%, 4, 0, 2, 328.76, 1740146, 4
3945, 492, 1, 3, 0, 0, 66.67%, 4, 0, 2, 300.77, 1741686, 4
3950, 493, 2, 3, 0, 0, 66.67%, 4, 0, 2, 342.33, 1743510, 4
3956, 493, 0, 3, 0, 0, 66.67%, 4, 0, 2, 374.81, 1745412, 4
3961, 494, 2, 3, 0, 0, 66.67%, 4, 0, 2, 365.38, 1746930, 4
3966, 494, 2, 3, 0, 0, 66.67%, 4, 0, 2, 394.29, 1749045, 4
3971, 495, 2, 3, 0, 0, 66.67%, 4, 0, 2, 395.30, 1750975, 4
3976, 495, 2, 3, 0, 0, 66.67%, 4, 0, 2, 368.34, 1752753, 4
3981, 496, 2, 3, 0, 0, 66.67%, 4, 0, 2, 333.75, 1754508, 4
3986, 496, 1, 3, 0, 0, 66.67%, 4, 0, 2, 335.29, 1756238, 4
3991, 497, 2, 3, 0, 0, 66.67%, 4, 0, 2, 333.52, 1757915, 4
3997, 497, 2, 3, 0, 0, 66.67%, 4, 0, 2, 404.96, 1759449, 4
4002, 498, 2, 3, 0, 0, 66.67%, 4, 0, 2, 338.24, 1761102, 4
4007, 498, 0, 3, 0, 0, 66.67%, 4, 0, 2, 385.88, 1763023, 4
4012, 499, 0, 3, 0, 0, 66.67%, 4, 0, 2, 357.09, 1764755, 4
4017, 499, 0, 3, 0, 0, 66.67%, 4, 0, 2, 336.88, 1766409, 4
4022, 500, 2, 3, 0, 0, 66.67%, 4, 0, 2, 345.65, 1768222, 4
4027, 500, 1, 3, 0, 0, 66.67%, 4, 0, 2, 347.94, 1769750, 4
4032, 501, 2, 3, 0, 0, 66.67%, 4, 0, 2, 359.07, 1771522, 4
4037, 501, 2, 3, 0, 0, 66.67%, 4, 0, 2, 368.84, 1773442, 4
4042, 501, 2, 3, 0, 0, 66.67%, 4, 0, 2, 319.81, 1774981, 4
4047, 502, 2, 3, 0, 0, 66.67%, 4, 0, 2, 354.10, 1776780, 4
4052, 503, 2, 3, 0, 0, 66.67%, 4, 0, 2, 363.23, 1778612, 4
4058, 503, 2, 3, 0, 0, 66.67%, 4, 0, 2, 382.25, 1780623, 4
4063, 503, 2, 3, 0, 0, 66.67%, 4, 0, 2, 363.60, 1782156, 4
4068, 504, 0, 3, 0, 0, 66.67%, 4, 0, 2, 356.43, 1784006, 4
4073, 504, 2, 3, 0, 0, 66.67%, 4, 0, 2, 334.96, 1785728, 4
4078, 505, 0, 3, 0, 0, 66.67%, 4, 0, 2, 327.19, 1787436, 4
4083, 505, 2, 3, 0, 0, 66.67%, 4, 0, 2, 369.08, 1789303, 4
4088, 506, 2, 3, 0, 0, 66.67%, 4, 0, 2, 358.16, 1791086, 4
4093, 506, 2, 3, 0, 0, 66.67%, 4, 0, 2, 388.23, 1792544, 4
4098, 507, 2, 3, 0, 0, 66.67%, 4, 0, 2, 387.34, 1794516, 4
4104, 507, 0, 3, 0, 0, 66.67%, 4, 0, 2, 361.87, 1796361, 4
4109, 508, 2, 3, 0, 0, 66.67%, 4, 0, 2, 381.54, 1798286, 4
4114, 508, 2, 3, 0, 0, 66.67%, 4, 0, 2, 361.87, 1800052, 4
4119, 509, 2, 3, 0, 0, 66.67%, 4, 0, 2, 383.01, 1802064, 4
4125, 509, 2, 3, 0, 0, 66.67%, 4, 0, 2, 59.55, 1803991, 4
4130, 510, 2, 3, 0, 0, 66.67%, 4, 0, 2, 410.81, 1805855, 4
4135, 510, 0, 3, 0, 0, 66.67%, 4, 0, 2, 390.87, 1807802, 4
4140, 511, 2, 3, 0, 0, 66.67%, 4, 0, 2, 362.49, 1809680, 4
4145, 511, 2, 3, 0, 0, 66.67%, 4, 0, 2, 369.80, 1811537, 4
4150, 512, 0, 3, 0, 0, 66.67%, 4, 0, 2, 343.03, 1813244, 4
4155, 512, 2, 3, 0, 0, 66.67%, 4, 0, 2, 345.95, 1815001, 4
4161, 513, 2, 3, 0, 0, 66.67%, 4, 0, 2, 334.94, 1816549, 4
4166, 513, 2, 3, 0, 0, 66.67%, 4, 0, 2, 302.37, 1818090, 4
4171, 514, 1, 3, 0, 0, 66.67%, 4, 0, 2, 324.12, 1819840, 4
4176, 514, 2, 3, 0, 0, 66.67%, 4, 0, 2, 332.76, 1821493, 4
4181, 515, 0, 3, 0, 0, 66.67%, 4, 0, 2, 332.07, 1823160, 4
4186, 515, 0, 3, 0, 0, 66.67%, 4, 0, 2, 326.30, 1824822, 4
4191, 515, 2, 3, 0, 0, 66.67%, 4, 0, 2, 50.88, 1826285, 4
4196, 516, 2, 3, 0, 0, 66.67%, 4, 0, 2, 348.22, 1828145, 4
4201, 516, 0, 3, 0, 0, 66.67%, 4, 0, 2, 367.36, 1830001, 4
4206, 517, 1, 3, 0, 0, 66.67%, 4, 0, 2, 367.54, 1831799, 4
4211, 517, 2, 3, 0, 0, 66.67%, 4, 0, 2, 351.33, 1833614, 4
4217, 518, 2, 3, 0, 0, 66.67%, 4, 0, 2, 352.87, 1835472, 4
4222, 518, 2, 3, 0, 0, 66.67%, 4, 0, 2, 348.74, 1837191, 4
4227, 519, 2, 3, 0, 0, 66.67%, 4, 0, 2, 347.50, 1838721, 4
4232, 519, 2, 3, 0, 0, 66.67%, 4, 0, 2, 374.06, 1840626, 4
4237, 520, 2, 3, 0, 0, 66.67%, 4, 0, 2, 336.88, 1842236, 4
4242, 520, 2, 3, 0, 0, 66.67%, 4, 0, 2, 371.69, 1844149, 4
4247, 521, 0, 3, 0, 0, 66.67%, 4, 0, 2, 366.49, 1845967, 4
4252, 522, 2, 3, 0, 0, 66.67%, 4, 0, 2, 349.56, 1847696, 4
4257, 522, 2, 3, 0, 0, 66.67%, 4, 0, 2, 337.96, 1849243, 4
4262, 523, 2, 3, 0, 0, 66.67%, 4, 0, 2, 344.70, 1851007, 4
4268, 523, 2, 3, 0, 0, 66.67%, 4, 0, 2, 366.22, 1852907, 4
4273, 524, 2, 3, 0, 0, 66.67%, 4, 0, 2, 363.71, 1854860, 4
4278, 524, 2, 3, 0, 0, 66.67%, 4, 0, 2, 357.54, 1856642, 4
4283, 525, 2, 3, 0, 0, 66.67%, 4, 0, 2, 387.18, 1858561, 4
4288, 525, 2, 3, 0, 0, 66.67%, 4, 0, 2, 382.07, 1860519, 4
4293, 526, 0, 3, 0, 0, 66.67%, 4, 0, 2, 457.00, 1862124, 4
4298, 526, 2, 3, 0, 0, 66.67%, 4, 0, 2, 387.45, 1863991, 4
4303, 527, 2, 3, 0, 0, 66.67%, 4, 0, 2, 355.50, 1865791, 4
4309, 528, 2, 3, 0, 0, 66.67%, 4, 0, 2, 356.71, 1867646, 4
4314, 528, 0, 3, 0, 0, 66.67%, 4, 0, 2, 346.30, 1869342, 4
4319, 529, 2, 3, 0, 0, 66.67%, 4, 0, 2, 374.13, 1871232, 4
4324, 529, 2, 3, 0, 0, 66.67%, 4, 0, 2, 477.84, 1872627, 4
4329, 530, 2, 3, 0, 0, 66.67%, 4, 0, 2, 403.79, 1874515, 4
4334, 530, 2, 3, 0, 0, 66.67%, 4, 0, 2, 359.12, 1876304, 4
4339, 531, 0, 3, 0, 0, 66.67%, 4, 0, 2, 351.14, 1878052, 4
4344, 531, 2, 3, 0, 0, 66.67%, 4, 0, 2, 336.98, 1879817, 4
4349, 532, 2, 3, 0, 0, 66.67%, 4, 0, 2, 348.43, 1881671, 4
4354, 532, 2, 3, 0, 0, 66.67%, 4, 0, 2, 355.72, 1883540, 4
4360, 532, 2, 3, 0, 0, 66.67%, 4, 0, 2, 535.79, 1885238, 4
4365, 533, 2, 3, 0, 0, 66.67%, 4, 0, 2, 437.37, 1887288, 4
4370, 533, 0, 3, 0, 0, 66.67%, 4, 0, 2, 352.67, 1888936, 4
4375, 534, 2, 3, 0, 0, 66.67%, 4, 0, 2, 358.74, 1890803, 4
4380, 535, 2, 3, 0, 0, 66.67%, 4, 0, 2, 363.87, 1892640, 4
4385, 535, 1, 3, 0, 0, 66.67%, 4, 0, 2, 380.73, 1894561, 4
4390, 536, 2, 3, 0, 0, 66.67%, 4, 0, 2, 405.58, 1896169, 4
4395, 536, 1, 3, 0, 0, 66.67%, 4, 0, 2, 343.79, 1897814, 4
4400, 537, 2, 3, 0, 0, 66.67%, 4, 0, 2, 351.62, 1899626, 4
4405, 538, 2, 3, 0, 0, 66.67%, 4, 0, 2, 374.68, 1901612, 4
4411, 538, 0, 3, 0, 0, 66.67%, 4, 0, 2, 364.87, 1903398, 4
4416, 539, 0, 3, 0, 0, 66.67%, 4, 0, 2, 395.49, 1905437, 4
4421, 540, 1, 3, 0, 0, 66.67%, 4, 0, 2, 372.62, 1907355, 4
4426, 540, 2, 3, 0, 0, 66.67%, 4, 0, 2, 351.85, 1908878, 4
4431, 540, 2, 3, 0, 0, 66.67%, 4, 0, 2, 330.69, 1910596, 4
4436, 541, 0, 3, 0, 0, 66.67%, 4, 0, 2, 348.25, 1912490, 4
4441, 541, 0, 3, 0, 0, 66.67%, 4, 0, 2, 353.01, 1914247, 4
4446, 542, 2, 3, 0, 0, 66.67%, 4, 0, 2, 381.67, 1916265, 4
4452, 542, 2, 3, 0, 0, 66.67%, 4, 0, 2, 348.13, 1917975, 4
4457, 543, 1, 3, 0, 0, 66.67%, 4, 0, 2, 361.38, 1919415, 4
4462, 543, 2, 3, 0, 0, 66.67%, 4, 0, 2, 340.42, 1921134, 4
4467, 544, 2, 3, 0, 0, 66.67%, 4, 0, 2, 360.49, 1922989, 4
4472, 544, 2, 3, 0, 0, 66.67%, 4, 0, 2, 343.31, 1924738, 4
4477, 545, 2, 3, 0, 0, 66.67%, 4, 0, 2, 348.92, 1926592, 4
4482, 545, 0, 3, 0, 0, 66.67%, 4, 0, 2, 386.26, 1928597, 4
4487, 546, 2, 3, 0, 0, 66.67%, 4, 0, 2, 360.78, 1930289, 4
4492, 546, 1, 3, 0, 0, 66.67%, 4, 0, 2, 366.57, 1931901, 4
4497, 547, 2, 3, 0, 0, 66.67%, 4, 0, 2, 377.37, 1933780, 4
4502, 548, 2, 3, 0, 0, 66.67%, 4, 0, 2, 381.21, 1935694, 4
4507, 549, 2, 3, 0, 0, 66.67%, 4, 0, 2, 356.19, 1937575, 4
4512, 549, 2, 3, 0, 0, 66.67%, 4, 0, 2, 356.68, 1939390, 4
4518, 550, 2, 3, 0, 0, 66.67%, 4, 0, 2, 380.27, 1941397, 4
4523, 550, 2, 3, 0, 0, 66.67%, 4, 0, 2, 315.34, 1942823, 4
4528, 550, 2, 3, 0, 0, 66.67%, 4, 0, 2, 335.16, 1944625, 4
4533, 551, 2, 3, 0, 0, 66.67%, 4, 0, 2, 351.91, 1946467, 4
4538, 551, 2, 3, 0, 0, 66.67%, 4, 0, 2, 376.92, 1948387, 4
4543, 552, 2, 3, 0, 0, 66.67%, 4, 0, 2, 342.94, 1950057, 4
4548, 552, 2, 3, 0, 0, 66.67%, 4, 0, 2, 357.43, 1951887, 4
4553, 553, 2, 3, 0, 0, 66.67%, 4, 0, 2, 336.72, 1953511, 4
4558, 553, 2, 3, 0, 0, 66.67%, 4, 0, 2, 317.62, 1955076, 4
4563, 554, 0, 3, 0, 0, 66.67%, 4, 0, 2, 362.96, 1956948, 4
4568, 554, 1, 3, 0, 0, 66.67%, 4, 0, 2, 351.69, 1958776, 4
4573, 555, 2, 3, 0, 0, 66.67%, 4, 0, 2, 335.75, 1960459, 4
4579, 556, 0, 3, 0, 0, 66.67%, 4, 0, 2, 380.03, 1962458, 4
4584, 556, 2, 3, 0, 0, 66.67%, 4, 0, 2, 365.14, 1964343, 4
4589, 557, 2, 3, 0, 0, 66.67%, 4, 0, 2, 352.93, 1965962, 4
4594, 557, 0, 3, 0, 0, 66.67%, 4, 0, 2, 374.72, 1967915, 4
4599, 558, 0, 3, 0, 0, 66.67%, 4, 0, 2, 377.30, 1969798, 4
4604, 558, 2, 3, 0, 0, 66.67%, 4, 0, 2, 380.94, 1971709, 4
4610, 559, 2, 3, 0, 0, 66.67%, 4, 0, 2, 321.32, 1973355, 4
4615, 559, 0, 3, 0, 0, 66.67%, 4, 0, 2, 349.30, 1975238, 4
4620, 560, 2, 3, 0, 0, 66.67%, 4, 0, 2, 357.92, 1977016, 4
4625, 560, 2, 3, 0, 0, 66.67%, 4, 0, 2, 382.54, 1978656, 4
4630, 561, 0, 3, 0, 0, 66.67%, 4, 0, 2, 362.47, 1980544, 4
4635, 561, 1, 3, 0, 0, 66.67%, 4, 0, 2, 341.39, 1982278, 4
4641, 562, 1, 3, 0, 0, 66.67%, 4, 0, 2, 351.14, 1984078, 4
4646, 563, 2, 3, 0, 0, 66.67%, 4, 0, 2, 346.28, 1985839, 4
4651, 563, 2, 3, 0, 0, 66.67%, 4, 0, 2, 352.66, 1987689, 4
4656, 564, 1, 3, 0, 0, 66.67%, 4, 0, 2, 357.09, 1989296, 4
4661, 565, 0, 3, 0, 0, 66.67%, 4, 0, 2, 349.61, 1991106, 4
4666, 565, 2, 3, 0, 0, 66.67%, 4, 0, 2, 365.29, 1993028, 4
4671, 566, 1, 3, 0, 0, 66.67%, 4, 0, 2, 315.38, 1994588, 4
4676, 567, 2, 3, 0, 0, 66.67%, 4, 0, 2, 352.85, 1996538, 4
4681, 567, 2, 3, 0, 0, 66.67%, 4, 0, 2, 356.57, 1998383, 4
4687, 568, 0, 3, 0, 0, 66.67%, 4, 0, 2, 48.32, 2000038, 4
4692, 568, 2, 3, 0, 0, 66.67%, 4, 0, 2, 314.87, 2001662, 4
4697, 569, 1, 3, 0, 0, 66.67%, 4, 0, 2, 348.61, 2003581, 4
4702, 570, 2, 3, 0, 0, 66.67%, 4, 0, 2, 350.02, 2005359, 4
4707, 570, 2, 3, 0, 0, 66.67%, 4, 0, 2, 328.69, 2007009, 4
4712, 570, 2, 3, 0, 0, 66.67%, 4, 0, 2, 366.53, 2008889, 4
4717, 571, 2, 3, 0, 0, 66.67%, 4, 0, 2, 341.91, 2010599, 4
4723, 571, 2, 3, 0, 0, 66.67%, 4, 0, 2, 307.90, 2012028, 4
4728, 572, 2, 3, 0, 0, 66.67%, 4, 0, 2, 329.82, 2013782, 4
4733, 572, 2, 3, 0, 0, 66.67%, 4, 0, 2, 345.14, 2015518, 4
4738, 572, 2, 3, 0, 0, 66.67%, 4, 0, 2, 338.27, 2017248, 4
4743, 573, 2, 3, 0, 0, 66.67%, 4, 0, 2, 354.77, 2019095, 4
4748, 573, 2, 3, 0, 0, 66.67%, 4, 0, 2, 365.89, 2020966, 4
4753, 574, 1, 3, 0, 0, 66.67%, 4, 0, 2, 37.60, 2022406, 4
4758, 574, 0, 3, 0, 0, 66.67%, 4, 0, 2, 341.02, 2024151, 4
4763, 575, 2, 3, 0, 0, 66.67%, 4, 0, 2, 378.75, 2026074, 4
4769, 575, 2, 3, 0, 0, 66.67%, 4, 0, 2, 372.98, 2027997, 4
4774, 576, 2, 3, 0, 0, 66.67%, 4, 0, 2, 351.48, 2029825, 4
4779, 577, 2, 3, 0, 0, 66.67%, 4, 0, 2, 350.07, 2031565, 4
4784, 577, 2, 3, 0, 0, 66.67%, 4, 0, 2, 374.35, 2033425, 4
4789, 578, 2, 3, 0, 0, 66.67%, 4, 0, 2, 336.85, 2034831, 4
4794, 578, 2, 3, 0, 0, 66.67%, 4, 0, 2, 346.30, 2036601, 4
4799, 579, 1, 3, 0, 0, 66.67%, 4, 0, 2, 354.49, 2038316, 4
4804, 579, 2, 3, 0, 0, 66.67%, 4, 0, 2, 354.70, 2040234, 4
4809, 580, 2, 3, 0, 0, 66.67%, 4, 0, 2, 364.11, 2042045, 4
4815, 581, 2, 3, 0, 0, 66.67%, 4, 0, 2, 362.20, 2043905, 4
4820, 581, 2, 3, 0, 0, 66.67%, 4, 0, 2, 442.92, 2045516, 4
4825, 582, 2, 3, 0, 0, 66.67%, 4, 0, 2, 390.28, 2047328, 4
4830, 582, 1, 3, 0, 0, 66.67%, 4, 0, 2, 380.33, 2049220, 4
4835, 582, 2, 3, 0, 0, 66.67%, 4, 0, 2, 360.01, 2051016, 4
4840, 584, 1, 3, 0, 0, 66.67%, 4, 0, 2, 376.52, 2052941, 4
4845, 584, 2, 3, 0, 0, 66.67%, 4, 0, 2, 367.88, 2054747, 4
4850, 585, 2, 3, 0, 0, 66.67%, 4, 0, 2, 335.75, 2056428, 4
4855, 585, 0, 3, 0, 0, 66.67%, 4, 0, 2, 347.54, 2057857, 4
4860, 585, 2, 3, 0, 0, 66.67%, 4, 0, 2, 365.07, 2059763, 4
4865, 586, 2, 3, 0, 0, 66.67%, 4, 0, 2, 362.16, 2061599, 4
4871, 586, 0, 3, 0, 0, 66.67%, 4, 0, 2, 369.54, 2063420, 4
4876, 586, 2, 3, 0, 0, 66.67%, 4, 0, 2, 331.86, 2065031, 4
4881, 587, 2, 3, 0, 0, 66.67%, 4, 0, 2, 363.79, 2066967, 4
4886, 587, 0, 3, 0, 0, 66.67%, 4, 0, 2, 351.85, 2068438, 4
4891, 588, 0, 3, 0, 0, 66.67%, 4, 0, 2, 331.34, 2070196, 4
4896, 588, 2, 3, 0, 0, 66.67%, 4, 0, 2, 340.00, 2071934, 4
4901, 589, 2, 3, 0, 0, 66.67%, 4, 0, 2, 345.36, 2073675, 4
4906, 589, 2, 3, 0, 0, 66.67%, 4, 0, 2, 349.18, 2075433, 4
4911, 590, 2, 3, 0, 0, 66.67%, 4, 0, 2, 371.93, 2077427, 4
4916, 590, 1, 3, 0, 0, 66.67%, 4, 0, 2, 380.56, 2079343, 4
4922, 591, 2, 3, 0, 0, 66.67%, 4, 0, 2, 396.47, 2081009, 4
4927, 591, 1, 3, 0, 0, 66.67%, 4, 0, 2, 372.61, 2082780, 4
4932, 592, 2, 3, 0, 0, 66.67%, 4, 0, 2, 371.86, 2084637, 4
4937, 593, 1, 3, 0, 0, 66.67%, 4, 0, 2, 372.25, 2086521, 4
4942, 593, 2, 3, 0, 0, 66.67%, 4, 0, 2, 355.94, 2088353, 4
4947, 593, 2, 3, 0, 0, 66.67%, 4, 0, 2, 312.04, 2089973, 4
4952, 594, 1, 3, 0, 0, 66.67%, 4, 0, 2, 56.21, 2091295, 4
4957, 594, 0, 3, 0, 0, 66.67%, 4, 0, 2, 354.21, 2093128, 4
4962, 595, 0, 3, 0, 0, 66.67%, 4, 0, 2, 336.95, 2094793, 4
4967, 595, 2, 3, 0, 0, 66.67%, 4, 0, 2, 331.23, 2096485, 4
4972, 595, 2, 3, 0, 0, 66.67%, 4, 0, 2, 346.46, 2098335, 4
4978, 596, 2, 3, 0, 0, 66.67%, 4, 0, 2, 351.74, 2100113, 4
4983, 597, 2, 3, 0, 0, 66.67%, 4, 0, 2, 323.62, 2101740, 4
4988, 597, 2, 3, 0, 0, 66.67%, 4, 0, 2, 365.61, 2103202, 4
4993, 598, 2, 3, 0, 0, 66.67%, 4, 0, 2, 355.22, 2104985, 4
4998, 598, 1, 3, 0, 0, 66.67%, 4, 0, 2, 348.67, 2106800, 4
5003, 599, 0, 3, 0, 0, 66.67%, 4, 0, 2, 340.05, 2108643, 4
5008, 600, 2, 3, 0, 0, 66.67%, 4, 0, 2, 371.27, 2110575, 4
5013, 600, 2, 3, 0, 0, 66.67%, 4, 0, 2, 361.92, 2112495, 4
5018, 600, 2, 3, 0, 0, 66.67%, 4, 0, 2, 346.69, 2114039, 4
5024, 601, 2, 3, 0, 0, 66.67%, 4, 0, 2, 376.06, 2115999, 4
5029, 601, 2, 3, 0, 0, 66.67%, 4, 0, 2, 360.53, 2117747, 4
5034, 602, 0, 3, 0, 0, 66.67%, 4, 0, 2, 344.07, 2119412, 4
5039, 602, 0, 3, 0, 0, 66.67%, 4, 0, 2, 339.32, 2121117, 4
5044, 603, 0, 3, 0, 0, 66.67%, 4, 0, 2, 335.77, 2122797, 4
5049, 603, 2, 3, 0, 0, 66.67%, 4, 0, 2, 362.57, 2124760, 4
5054, 604, 2, 3, 0, 0, 66.67%, 4, 0, 2, 347.00, 2126452, 4
5059, 604, 0, 3, 0, 0, 66.67%, 4, 0, 2, 336.19, 2128139, 4
5064, 604, 0, 3, 0, 0, 66.67%, 4, 0, 2, 363.71, 2130044, 4
5070, 605, 2, 3, 0, 0, 66.67%, 4, 0, 2, 376.81, 2131944, 4
5075, 605, 2, 3, 0, 0, 66.67%, 4, 0, 2, 356.89, 2133692, 4
5080, 606, 2, 3, 0, 0, 66.67%, 4, 0, 2, 363.57, 2135568, 4
5085, 606, 1, 3, 0, 0, 66.67%, 4, 0, 2, 141.27, 2137097, 4
5090, 607, 2, 3, 0, 0, 66.67%, 4, 0, 2, 313.99, 2138921, 4
5095, 607, 2, 3, 0, 0, 66.67%, 4, 0, 2, 324.75, 2140578, 4
5100, 608, 0, 3, 0, 0, 66.67%, 4, 0, 2, 329.51, 2142296, 4
5105, 608, 2, 3, 0, 0, 66.67%, 4, 0, 2, 304.08, 2143856, 4
5110, 609, 2, 3, 0, 0, 66.67%, 4, 0, 2, 354.18, 2145717, 4
5115, 609, 0, 3, 0, 0, 66.67%, 4, 0, 2, 375.77, 2147744, 4
5120, 610, 2, 3, 0, 0, 66.67%, 4, 0, 2, 328.68, 2149209, 4
5125, 610, 2, 3, 0, 0, 66.67%, 4, 0, 2, 375.63, 2151084, 4
5131, 611, 2, 3, 0, 0, 66.67%, 4, 0, 2, 348.47, 2152885, 4
5136, 611, 0, 3, 0, 0, 66.67%, 4, 0, 2, 325.44, 2154554, 4
5141, 612, 2, 3, 0, 0, 66.67%, 4, 0, 2, 389.21, 2156567, 4
5146, 612, 2, 3, 0, 0, 66.67%, 4, 0, 2, 348.21, 2158212, 4
5151, 612, 1, 3, 0, 0, 66.67%, 4, 0, 2, 371.28, 2159791, 4
5156, 613, 2, 3, 0, 0, 66.67%, 4, 0, 2, 381.44, 2161723, 4
5161, 614, 2, 3, 0, 0, 66.67%, 4, 0, 2, 407.49, 2163763, 4
5166, 614, 2, 3, 0, 0, 66.67%, 4, 0, 2, 375.22, 2165555, 4
5172, 615, 2, 3, 0, 0, 66.67%, 4, 0, 2, 334.78, 2167295, 4
5177, 615, 2, 3, 0, 0, 66.67%, 4, 0, 2, 362.28, 2169191, 4
5182, 616, 2, 3, 0, 0, 66.67%, 4, 0, 2, 347.98, 2170939, 4
5187, 616, 2, 3, 0, 0, 66.67%, 4, 0, 2, 357.10, 2172365, 4
5192, 616, 2, 3, 0, 0, 66.67%, 4, 0, 2, 323.91, 2173906, 4
5197, 617, 2, 3, 0, 0, 66.67%, 4, 0, 2, 364.74, 2175788, 4
5202, 618, 2, 3, 0, 0, 66.67%, 4, 0, 2, 369.71, 2177690, 4
5207, 618, 2, 3, 0, 0, 66.67%, 4, 0, 2, 348.87, 2179466, 4
5212, 619, 2, 3, 0, 0, 66.67%, 4, 0, 2, 352.31, 2181265, 4
5218, 619, 2, 3, 0, 0, 66.67%, 4, 0, 2, 318.88, 2182743, 4
5223, 620, 2, 3, 0, 0, 66.67%, 4, 0, 2, 373.54, 2184671, 4
5228, 620, 2, 3, 0, 0, 66.67%, 4, 0, 2, 348.58, 2186367, 4
5233, 621, 2, 3, 0, 0, 66.67%, 4, 0, 2, 345.59, 2188030, 4
5238, 621, 2, 3, 0, 0, 66.67%, 4, 0, 2, 372.41, 2189959, 4
5243, 622, 1, 3, 0, 0, 66.67%, 4, 0, 2, 343.04, 2191688, 4
5248, 623, 2, 3, 0, 0, 66.67%, 4, 0, 2, 349.10, 2193504, 4
5253, 623, 1, 3, 0, 0, 66.67%, 4, 0, 2, 311.34, 2194931, 4
5258, 624, 1, 3, 0, 0, 66.67%, 4, 0, 2, 362.60, 2196906, 4
5263, 624, 2, 3, 0, 0, 66.67%, 4, 0, 2, 367.63, 2198847, 4
5268, 625, 2, 3, 0, 0, 66.67%, 4, 0, 2, 395.13, 2200915, 4
5274, 625, 0, 3, 0, 0, 66.67%, 4, 0, 2, 333.25, 2202490, 4
5279, 625, 2, 3, 0, 0, 66.67%, 4, 0, 2, 337.68, 2204236, 4
5284, 626, 2, 3, 0, 0, 66.67%, 4, 0, 2, 344.93, 2205846, 4
5289, 626, 1, 3, 0, 0, 66.67%, 4, 0, 2, 348.05, 2207587, 4
5294, 627, 2, 3, 0, 0, 66.67%, 4, 0, 2, 352.59, 2209413, 4
5299, 627, 2, 3, 0, 0, 66.67%, 4, 0, 2, 397.59, 2211470, 4
5304, 628, 2, 3, 0, 0, 66.67%, 4, 0, 2, 374.20, 2213323, 4
5309, 629, 2, 3, 0, 0, 66.67%, 4, 0, 2, 337.88, 2214947, 4
5314, 629, 0, 3, 0, 0, 66.67%, 4, 0, 2, 338.13, 2216632, 4
5319, 629, 1, 3, 0, 0, 66.67%, 4, 0, 2, 303.38, 2217992, 4
5324, 630, 2, 3, 0, 0, 66.67%, 4, 0, 2, 342.30, 2219763, 4
5329, 630, 2, 3, 0, 0, 66.67%, 4, 0, 2, 355.83, 2221499, 4
5334, 631, 2, 3, 0, 0, 66.67%, 4, 0, 2, 359.27, 2223368, 4
5340, 632, 2, 3, 0, 0, 66.67%, 4, 0, 2, 363.22, 2225286, 4
5345, 632, 1, 3, 0, 0, 66.67%, 4, 0, 2, 334.18, 2227004, 4
5350, 633, 2, 3, 0, 0, 66.67%, 4, 0, 2, 324.87, 2228419, 4
5355, 633, 0, 3, 0, 0, 66.67%, 4, 0, 2, 351.15, 2230228, 4
5360, 634, 2, 3, 0, 0, 66.67%, 4, 0, 2, 349.16, 2232048, 4
5365, 634, 2, 3, 0, 0, 66.67%, 4, 0, 2, 352.41, 2233786, 4
5370, 634, 0, 3, 0, 0, 66.67%, 4, 0, 2, 346.85, 2235495, 4
5375, 635, 2, 3, 0, 0, 66.67%, 4, 0, 2, 360.85, 2237357, 4
5380, 635, 0, 3, 0, 0, 66.67%, 4, 0, 2, 348.69, 2239116, 4
5385, 635, 2, 3, 0, 0, 66.67%, 4, 0, 2, 350.75, 2240740, 4
5391, 636, 2, 3, 0, 0, 66.67%, 4, 0, 2, 355.47, 2242544, 4
5396, 636, 2, 3, 0, 0, 66.67%, 4, 0, 2, 338.68, 2244211, 4
5401, 637, 1, 3, 0, 0, 66.67%, 4, 0, 2, 367.12, 2246079, 4
5406, 638, 2, 3, 0, 0, 66.67%, 4, 0, 2, 361.42, 2247972, 4
5411, 638, 2, 3, 0, 0, 66.67%, 4, 0, 2, 373.92, 2249916, 4
5416, 639, 2, 3, 0, 0, 66.67%, 4, 0, 2, 325.09, 2251393, 4
5421, 639, 0, 3, 0, 0, 66.67%, 4, 0, 2, 331.05, 2253074, 4
5426, 640, 1, 3, 0, 0, 66.67%, 4, 0, 2, 330.10, 2254786, 4
5432, 640, 2, 3, 0, 0, 66.67%, 4, 0, 2, 369.79, 2256794, 4
5437, 641, 2, 3, 0, 0, 66.67%, 4, 0, 2, 345.87, 2258558, 4
5442, 641, 2, 3, 0, 0, 66.67%, 4, 0, 2, 352.03, 2260430, 4
5447, 642, 2, 3, 0, 0, 66.67%, 4, 0, 2, 359.89, 2262273, 4
5452, 643, 0, 3, 0, 0, 66.67%, 4, 0, 2, 383.49, 2263982, 4
5457, 643, 2, 3, 0, 0, 66.67%, 4, 0, 2, 384.74, 2265823, 4
5462, 643, 2, 3, 0, 0, 66.67%, 4, 0, 2, 373.42, 2267785, 4
5467, 644, 0, 3, 0, 0, 66.67%, 4, 0, 2, 365.45, 2269600, 4
5472, 644, 0, 3, 0, 0, 66.67%, 4, 0, 2, 371.02, 2271539, 4
5477, 645, 2, 3, 0, 0, 66.67%, 4, 0, 2, 324.97, 2273121, 4
5483, 645, 2, 3, 0, 0, 66.67%, 4, 0, 2, 387.65, 2274601, 4
5488, 645, 2, 3, 0, 0, 66.67%, 4, 0, 2, 343.78, 2276317, 4
5493, 646, 0, 3, 0, 0, 66.67%, 4, 0, 2, 349.69, 2278176, 4
5498, 646, 2, 3, 0, 0, 66.67%, 4, 0, 2, 303.45, 2279672, 4
5503, 647, 1, 3, 0, 0, 66.67%, 4, 0, 2, 361.42, 2281606, 4
5508, 648, 1, 3, 0, 0, 66.67%, 4, 0, 2, 343.54, 2283389, 4
5514, 648, 2, 3, 0, 0, 66.67%, 4, 0, 2, 307.68, 2285038, 4
5519, 649, 2, 3, 0, 0, 66.67%, 4, 0, 2, 328.36, 2286858, 4
5524, 649, 2, 3, 0, 0, 66.67%, 4, 0, 2, 316.13, 2288448, 4
5529, 650, 0, 3, 0, 0, 66.67%, 4, 0, 2, 338.23, 2290164, 4
5534, 650, 0, 3, 0, 0, 66.67%, 4, 0, 2, 330.16, 2291825, 4
5540, 650, 2, 3, 0, 0, 66.67%, 4, 0, 2, 350.93, 2293693, 4
5545, 651, 2, 3, 0, 0, 66.67%, 4, 0, 2, 362.19, 2295574, 4
5550, 651, 2, 3, 0, 0, 66.67%, 4, 0, 2, 354.55, 2297129, 4
5555, 652, 2, 3, 0, 0, 66.67%, 4, 0, 2, 348.03, 2298900, 4
5560, 652, 2, 3, 0, 0, 66.67%, 4, 0, 2, 325.29, 2300496, 4
5565, 652, 2, 3, 0, 0, 66.67%, 4, 0, 2, 322.41, 2302199, 4
5570, 653, 2, 3, 0, 0, 66.67%, 4, 0, 2, 392.35, 2304300, 4
5575, 654, 2, 3, 0, 0, 66.67%, 4, 0, 2, 382.33, 2306222, 4
5580, 654, 2, 3, 0, 0, 66.67%, 4, 0, 2, 49.49, 2307567, 4
5585, 654, 2, 3, 0, 0, 66.67%, 4, 0, 2, 418.38, 2309483, 4
5590, 655, 1, 3, 0, 0, 66.67%, 4, 0, 2, 385.53, 2311373, 4
5596, 655, 2, 3, 0, 0, 66.67%, 4, 0, 2, 356.81, 2313158, 4
5601, 656, 0, 3, 0, 0, 66.67%, 4, 0, 2, 374.73, 2315100, 4
5606, 656, 1, 3, 0, 0, 66.67%, 4, 0, 2, 386.36, 2316983, 4
5611, 657, 2, 3, 0, 0, 66.67%, 4, 0, 2, 388.00, 2318922, 4
5616, 657, 1, 3, 0, 0, 66.67%, 4, 0, 2, 405.13, 2320484, 4
5621, 659, 2, 3, 0, 0, 66.67%, 4, 0, 2, 407.89, 2322599, 4
5626, 659, 0, 3, 0, 0, 66.67%, 4, 0, 2, 329.73, 2324228, 4
5631, 659, 2, 3, 0, 0, 66.67%, 4, 0, 2, 374.99, 2326168, 4
5636, 660, 1, 3, 0, 0, 66.67%, 4, 0, 2, 399.32, 2328229, 4
5641, 660, 2, 3, 0, 0, 66.67%, 4, 0, 2, 355.16, 2330032, 4
5647, 661, 0, 3, 0, 0, 66.67%, 4, 0, 2, 322.43, 2331493, 4
5652, 661, 2, 3, 0, 0, 66.67%, 4, 0, 2, 353.49, 2333321, 4
5657, 662, 2, 3, 0, 0, 66.67%, 4, 0, 2, 346.95, 2335049, 4
5662, 662, 2, 3, 0, 0, 66.67%, 4, 0, 2, 367.67, 2336930, 4
5667, 663, 2, 3, 0, 0, 66.67%, 4, 0, 2, 361.14, 2338727, 4
5672, 664, 0, 3, 0, 0, 66.67%, 4, 0, 2, 357.15, 2340538, 4
5677, 664, 2, 3, 0, 0, 66.67%, 4, 0, 2, 357.95, 2342386, 4
5682, 664, 2, 3, 0, 0, 66.67%, 4, 0, 2, 226.21, 2343839, 4
5688, 665, 2, 3, 0, 0, 66.67%, 4, 0, 2, 327.31, 2345669, 4
5693, 665, 2, 3, 0, 0, 66.67%, 4, 0, 2, 327.15, 2347401, 4
5698, 666, 2, 3, 0, 0, 66.67%, 4, 0, 2, 353.15, 2349197, 4
5703, 667, 2, 3, 0, 0, 66.67%, 4, 0, 2, 356.75, 2351005, 4
5708, 667, 2, 3, 0, 0, 66.67%, 4, 0, 2, 376.21, 2352902, 4
5713, 668, 0, 3, 0, 0, 66.67%, 4, 0, 2, 284.91, 2354243, 4
5718, 668, 2, 3, 0, 0, 66.67%, 4, 0, 2, 368.89, 2356162, 4
5723, 669, 2, 3, 0, 0, 66.67%, 4, 0, 2, 359.69, 2357976, 4
5728, 669, 0, 3, 0, 0, 66.67%, 4, 0, 2, 354.38, 2359735, 4
5733, 670, 1, 3, 0, 0, 66.67%, 4, 0, 2, 359.37, 2361611, 4
5739, 670, 0, 3, 0, 0, 66.67%, 4, 0, 2, 345.54, 2363277, 4
5744, 671, 2, 3, 0, 0, 66.67%, 4, 0, 2, 324.51, 2364909, 4
5749, 671, 2, 3, 0, 0, 66.67%, 4, 0, 2, 315.22, 2366374, 4
5754, 672, 0, 3, 0, 0, 66.67%, 4, 0, 2, 346.05, 2368130, 4
5759, 672, 1, 3, 0, 0, 66.67%, 4, 0, 2, 367.59, 2369989, 4
5764, 673, 2, 3, 0, 0, 66.67%, 4, 0, 2, 401.53, 2372087, 4
5769, 673, 2, 3, 0, 0, 66.67%, 4, 0, 2, 352.88, 2373818, 4
5774, 673, 2, 3, 0, 0, 66.67%, 4, 0, 2, 363.55, 2375638, 4
5779, 674, 2, 3, 0, 0, 66.67%, 4, 0, 2, 389.65, 2377119, 4
5784, 674, 0, 3, 0, 0, 66.67%, 4, 0, 2, 320.23, 2378710, 4
5789, 675, 2, 3, 0, 0, 66.67%, 4, 0, 2, 362.25, 2380542, 4
5794, 675, 2, 3, 0, 0, 66.67%, 4, 0, 2, 313.94, 2382120, 4
5800, 676, 2, 3, 0, 0, 66.67%, 4, 0, 2, 337.54, 2383847, 4
5805, 676, 2, 3, 0, 0, 66.67%, 4, 0, 2, 350.16, 2385625, 4
5810, 677, 2, 3, 0, 0, 66.67%, 4, 0, 2, 349.97, 2387359, 4
5815, 677, 2, 3, 0, 0, 66.67%, 4, 0, 2, 320.21, 2388755, 4
5820, 677, 2, 3, 0, 0, 66.67%, 4, 0, 2, 370.56, 2390695, 4
5825, 678, 2, 3, 0, 0, 66.67%, 4, 0, 2, 333.74, 2392387, 4
5830, 678, 0, 3, 0, 0, 66.67%, 4, 0, 2, 334.25, 2394090, 4
5835, 679, 1, 3, 0, 0, 66.67%, 4, 0, 2, 324.32, 2395762, 4
5840, 680, 2, 3, 0, 0, 66.67%, 4, 0, 2, 332.41, 2397489, 4
5845, 680, 2, 3, 0, 0, 66.67%, 4, 0, 2, 306.98, 2399021, 4
5850, 680, 2, 3, 0, 0, 66.67%, 4, 0, 2, 333.01, 2400762, 4
5855, 681, 2, 3, 0, 0, 66.67%, 4, 0, 2, 349.51, 2402602, 4
5860, 681, 2, 3, 0, 0, 66.67%, 4, 0, 2, 316.15, 2404160, 4
5865, 682, 2, 3, 0, 0, 66.67%, 4, 0, 2, 371.84, 2406020, 4
5871, 683, 2, 3, 0, 0, 66.67%, 4, 0, 2, 352.36, 2407920, 4
5876, 683, 2, 3, 0, 0, 66.67%, 4, 0, 2, 333.65, 2409646, 4
5881, 683, 0, 3, 0, 0, 66.67%, 4, 0, 2, 341.80, 2411178, 4
5886, 684, 2, 3, 0, 0, 66.67%, 4, 0, 2, 345.04, 2412995, 4
5891, 684, 1, 3, 0, 0, 66.67%, 4, 0, 2, 368.25, 2414861, 4
5896, 685, 2, 3, 0, 0, 66.67%, 4, 0, 2, 369.45, 2416747, 4
5902, 686, 2, 3, 0, 0, 66.67%, 4, 0, 2, 368.84, 2418677, 4
5907, 686, 2, 3, 0, 0, 66.67%, 4, 0, 2, 408.22, 2420664, 4
5912, 687, 2, 3, 0, 0, 66.67%, 4, 0, 2, 394.99, 2422111, 4
5917, 687, 2, 3, 0, 0, 66.67%, 4, 0, 2, 369.94, 2423940, 4
5922, 688, 1, 3, 0, 0, 66.67%, 4, 0, 2, 358.37, 2425737, 4
5927, 688, 2, 3, 0, 0, 66.67%, 4, 0, 2, 339.65, 2427495, 4
5932, 689, 0, 3, 0, 0, 66.67%, 4, 0, 2, 352.26, 2429304, 4
5937, 689, 2, 3, 0, 0, 66.67%, 4, 0, 2, 339.21, 2430971, 4
5942, 689, 2, 3, 0, 0, 66.67%, 4, 0, 2, 359.80, 2432762, 4
5948, 690, 1, 3, 0, 0, 66.67%, 4, 0, 2, 308.38, 2434261, 4
5953, 690, 0, 3, 0, 0, 66.67%, 4, 0, 2, 335.91, 2436040, 4
5958, 691, 2, 3, 0, 0, 66.67%, 4, 0, 2, 343.81, 2437780, 4
5963, 691, 2, 3, 0, 0, 66.67%, 4, 0, 2, 343.53, 2439558, 4
5968, 692, 2, 3, 0, 0, 66.67%, 4, 0, 2, 357.46, 2441367, 4
5973, 692, 2, 3, 0, 0, 66.67%, 4, 0, 2, 367.76, 2443296, 4
5978, 693, 2, 3, 0, 0, 66.67%, 4, 0, 2, 490.01, 2444957, 4
5983, 694, 1, 3, 0, 0, 66.67%, 4, 0, 2, 403.03, 2446877, 4
5988, 694, 2, 3, 0, 0, 66.67%, 4, 0, 2, 369.44, 2448646, 4
5993, 695, 2, 3, 0, 0, 66.67%, 4, 0, 2, 346.84, 2450364, 4
5999, 695, 2, 3, 0, 0, 66.67%, 4, 0, 2, 322.13, 2452016, 4
6004, 696, 2, 3, 0, 0, 66.67%, 4, 0, 2, 379.43, 2454070, 4
6009, 696, 2, 3, 0, 0, 66.67%, 4, 0, 2, 368.39, 2455876, 4
6014, 696, 2, 3, 0, 0, 66.67%, 4, 0, 2, 351.33, 2457350, 4
6019, 697, 2, 3, 0, 0, 66.67%, 4, 0, 2, 356.07, 2459151, 4
6024, 698, 2, 3, 0, 0, 66.67%, 4, 0, 2, 364.54, 2461038, 4
6029, 698, 2, 3, 0, 0, 66.67%, 4, 0, 2, 336.14, 2462772, 4
6035, 699, 2, 3, 0, 0, 66.67%, 4, 0, 2, 357.24, 2464647, 4
6040, 699, 2, 3, 0, 0, 66.67%, 4, 0, 2, 348.02, 2466462, 4
6045, 699, 2, 3, 0, 0, 66.67%, 4, 0, 2, 410.95, 2468016, 4
6050, 700, 2, 3, 0, 0, 66.67%, 4, 0, 2, 400.84, 2470069, 4
6055, 700, 1, 3, 0, 0, 66.67%, 4, 0, 2, 355.59, 2471789, 4
6060, 701, 2, 3, 0, 0, 66.67%, 4, 0, 2, 362.16, 2473554, 4
6065, 702, 2, 3, 0, 0, 66.67%, 4, 0, 2, 356.92, 2475411, 4
6070, 702, 2, 3, 0, 0, 66.67%, 4, 0, 2, 356.40, 2477250, 4
6075, 703, 1, 3, 0, 0, 66.67%, 4, 0, 2, 344.11, 2479058, 4
6080, 703, 2, 3, 0, 0, 66.67%, 4, 0, 2, 344.82, 2480646, 4
6085, 704, 1, 3, 0, 0, 66.67%, 4, 0, 2, 350.77, 2482432, 4
6090, 704, 2, 3, 0, 0, 66.67%, 4, 0, 2, 365.56, 2484290, 4
6096, 705, 2, 3, 0, 0, 66.67%, 4, 0, 2, 388.44, 2486343, 4
6101, 705, 2, 3, 0, 0, 66.67%, 4, 0, 2, 326.43, 2488011, 4
6106, 706, 0, 3, 0, 0, 66.67%, 4, 0, 2, 393.13, 2490099, 4
6111, 707, 2, 3, 0, 0, 66.67%, 4, 0, 2, 430.40, 2491738, 4
6116, 707, 2, 3, 0, 0, 66.67%, 4, 0, 2, 413.37, 2493840, 4
6121, 708, 2, 3, 0, 0, 66.67%, 4, 0, 2, 376.35, 2495776, 4
6127, 708, 2, 3, 0, 0, 66.67%, 4, 0, 2, 388.77, 2497734, 4
6132, 709, 2, 3, 0, 0, 66.67%, 4, 0, 2, 351.47, 2499561, 4
6137, 709, 1, 3, 0, 0, 66.67%, 4, 0, 2, 364.31, 2501358, 4
6142, 710, 2, 3, 0, 0, 66.67%, 4, 0, 2, 370.21, 2503234, 4
6147, 710, 2, 3, 0, 0, 66.67%, 4, 0, 2, 347.15, 2504795, 4
6152, 711, 2, 3, 0, 0, 66.67%, 4, 0, 2, 348.79, 2506591, 4
6157, 711, 2, 3, 0, 0, 66.67%, 4, 0, 2, 347.82, 2508351, 4
6162, 712, 1, 3, 0, 0, 66.67%, 4, 0, 2, 348.44, 2510217, 4
6167, 712, 2, 3, 0, 0, 66.67%, 4, 0, 2, 390.84, 2512191, 4
6173, 713, 0, 3, 0, 0, 66.67%, 4, 0, 2, 363.27, 2514086, 4
6178, 713, 2, 3, 0, 0, 66.67%, 4, 0, 2, 358.21, 2515647, 4
6183, 714, 2, 3, 0, 0, 66.67%, 4, 0, 2, 363.76, 2517441, 4
6188, 714, 2, 3, 0, 0, 66.67%, 4, 0, 2, 374.32, 2519397, 4
6193, 715, 2, 3, 0, 0, 66.67%, 4, 0, 2, 345.90, 2521221, 4
6198, 716, 2, 3, 0, 0, 66.67%, 4, 0, 2, 336.24, 2522895, 4
6203, 716, 0, 3, 0, 0, 66.67%, 4, 0, 2, 369.58, 2524840, 4
6209, 717, 2, 3, 0, 0, 66.67%, 4, 0, 2, 40.47, 2526617, 4
6214, 717, 2, 3, 0, 0, 66.67%, 4, 0, 2, 402.67, 2528434, 4
6219, 718, 2, 3, 0, 0, 66.67%, 4, 0, 2, 383.04, 2530341, 4
6224, 718, 2, 3, 0, 0, 66.67%, 4, 0, 2, 373.91, 2532211, 4
6229, 719, 2, 3, 0, 0, 66.67%, 4, 0, 2, 375.90, 2534061, 4
6234, 719, 2, 3, 0, 0, 66.67%, 4, 0, 2, 347.30, 2535817, 4
6239, 720, 2, 3, 0, 0, 66.67%, 4, 0, 2, 387.05, 2537806, 4
6244, 720, 2, 3, 0, 0, 66.67%, 4, 0, 2, 305.81, 2539169, 4
6249, 721, 1, 3, 0, 0, 66.67%, 4, 0, 2, 323.79, 2540889, 4
6254, 722, 2, 3, 0, 0, 66.67%, 4, 0, 2, 366.15, 2542788, 4
6259, 722, 0, 3, 0, 0, 66.67%, 4, 0, 2, 380.61, 2544700, 4
6265, 723, 1, 3, 0, 0, 66.67%, 4, 0, 2, 369.78, 2546583, 4
6270, 723, 2, 3, 0, 0, 66.67%, 4, 0, 2, 369.65, 2548519, 4
6275, 724, 2, 3, 0, 0, 66.67%, 4, 0, 2, 253.52, 2550046, 4
6280, 724, 0, 3, 0, 0, 66.67%, 4, 0, 2, 330.92, 2551849, 4
6285, 724, 0, 3, 0, 0, 66.67%, 4, 0, 2, 366.45, 2553773, 4
6290, 725, 2, 3, 0, 0, 66.67%, 4, 0, 2, 359.14, 2555626, 4
6295, 725, 2, 3, 0, 0, 66.67%, 4, 0, 2, 370.37, 2557476, 4
6301, 726, 2, 3, 0, 0, 66.67%, 4, 0, 2, 432.55, 2559719, 4
6306, 726, 2, 3, 0, 0, 66.67%, 4, 0, 2, 369.45, 2561518, 4
6311, 727, 2, 3, 0, 0, 66.67%, 4, 0, 2, 366.99, 2562990, 4
6316, 727, 2, 3, 0, 0, 66.67%, 4, 0, 2, 339.05, 2564663, 4
6321, 728, 2, 3, 0, 0, 66.67%, 4, 0, 2, 357.12, 2566429, 4
6326, 728, 2, 3, 0, 0, 66.67%, 4, 0, 2, 318.34, 2568021, 4
6331, 729, 2, 3, 0, 0, 66.67%, 4, 0, 2, 383.10, 2570046, 4
6336, 729, 2, 3, 0, 0, 66.67%, 4, 0, 2, 361.05, 2571828, 4
6341, 730, 1, 3, 0, 0, 66.67%, 4, 0, 2, 400.93, 2573441, 4
6346, 731, 2, 3, 0, 0, 66.67%, 4, 0, 2, 383.94, 2575432, 4
6352, 731, 2, 3, 0, 0, 66.67%, 4, 0, 2, 349.84, 2577199, 4
6357, 732, 2, 3, 0, 0, 66.67%, 4, 0, 2, 376.92, 2579166, 4
6362, 732, 2, 3, 0, 0, 66.67%, 4, 0, 2, 367.65, 2581026, 4
6367, 733, 2, 3, 0, 0, 66.67%, 4, 0, 2, 366.58, 2582764, 4
6372, 734, 1, 3, 0, 0, 66.67%, 4, 0, 2, 376.54, 2584760, 4
6377, 734, 0, 3, 0, 0, 66.67%, 4, 0, 2, 328.79, 2586300, 4
6382, 735, 2, 3, 0, 0, 66.67%, 4, 0, 2, 348.44, 2588115, 4
6387, 735, 0, 3, 0, 0, 66.67%, 4, 0, 2, 381.22, 2590119, 4
6393, 735, 2, 3, 0, 0, 66.67%, 4, 0, 2, 377.46, 2592044, 4
6398, 736, 2, 3, 0, 0, 66.67%, 4, 0, 2, 360.59, 2593862, 4
6403, 737, 2, 3, 0, 0, 66.67%, 4, 0, 2, 361.80, 2595764, 4
6408, 737, 0, 3, 0, 0, 66.67%, 4, 0, 2, 361.83, 2597446, 4
6413, 737, 2, 3, 0, 0, 66.67%, 4, 0, 2, 368.66, 2599238, 4
6418, 738, 2, 3, 0, 0, 66.67%, 4, 0, 2, 348.30, 2600935, 4
6423, 739, 2, 3, 0, 0, 66.67%, 4, 0, 2, 363.99, 2602844, 4
6428, 739, 2, 3, 0, 0, 66.67%, 4, 0, 2, 356.18, 2604673, 4
6433, 740, 2, 3, 0, 0, 66.67%, 4, 0, 2, 391.56, 2606683, 4
6438, 740, 0, 3, 0, 0, 66.67%, 4, 0, 2, 352.61, 2608355, 4
6443, 741, 1, 3, 0, 0, 66.67%, 4, 0, 2, 375.65, 2609858, 4
6448, 741, 2, 3, 0, 0, 66.67%, 4, 0, 2, 378.93, 2611781, 4
6453, 742, 2, 3, 0, 0, 66.67%, 4, 0, 2, 341.85, 2613490, 4
6459, 743, 0, 3, 0, 0, 66.67%, 4, 0, 2, 367.59, 2615426, 4
6464, 743, 1, 3, 0, 0, 66.67%, 4, 0, 2, 342.49, 2617140, 4
6469, 744, 2, 3, 0, 0, 66.67%, 4, 0, 2, 353.82, 2618924, 4
6474, 744, 2, 3, 0, 0, 66.67%, 4, 0, 2, 434.52, 2620602, 4
6479, 745, 2, 3, 0, 0, 66.67%, 4, 0, 2, 417.67, 2622620, 4
6484, 746, 2, 3, 0, 0, 66.67%, 4, 0, 2, 348.03, 2624228, 4
6489, 746, 1, 3, 0, 0, 66.67%, 4, 0, 2, 363.42, 2626128, 4
6494, 747, 2, 3, 0, 0, 66.67%, 4, 0, 2, 354.60, 2627972, 4
6499, 747, 2, 3, 0, 0, 66.67%, 4, 0, 2, 373.91, 2629822, 4
6504, 748, 2, 3, 0, 0, 66.67%, 4, 0, 2, 347.58, 2631533, 4
6509, 748, 2, 3, 0, 0, 66.67%, 4, 0, 2, 316.41, 2633088, 4
6515, 749, 2, 3, 0, 0, 66.67%, 4, 0, 2, 352.78, 2634985, 4
6520, 749, 2, 3, 0, 0, 66.67%, 4, 0, 2, 357.59, 2636790, 4
6525, 750, 2, 3, 0, 0, 66.67%, 4, 0, 2, 385.88, 2638741, 4
6530, 750, 1, 3, 0, 0, 66.67%, 4, 0, 2, 350.21, 2640498, 4
6535, 751, 0, 3, 0, 0, 66.67%, 4, 0, 2, 336.36, 2642205, 4
6540, 751, 1, 3, 0, 0, 66.67%, 4, 0, 2, 348.69, 2643885, 4
6545, 752, 1, 3, 0, 0, 66.67%, 4, 0, 2, 383.39, 2645814, 4
6550, 753, 2, 3, 0, 0, 66.67%, 4, 0, 2, 363.77, 2647620, 4
6556, 754, 2, 3, 0, 0, 66.67%, 4, 0, 2, 396.06, 2649679, 4
6561, 754, 0, 3, 0, 0, 66.67%, 4, 0, 2, 377.01, 2651557, 4
6566, 755, 2, 3, 0, 0, 66.67%, 4, 0, 2, 381.95, 2653506, 4
6571, 755, 2, 3, 0, 0, 66.67%, 4, 0, 2, 372.27, 2655382, 4
6576, 755, 2, 3, 0, 0, 66.67%, 4, 0, 2, 386.66, 2656979, 4
6581, 756, 2, 3, 0, 0, 66.67%, 4, 0, 2, 384.63, 2658907, 4
6586, 756, 2, 3, 0, 0, 66.67%, 4, 0, 2, 391.38, 2660799, 4
6591, 757, 1, 3, 0, 0, 66.67%, 4, 0, 2, 343.12, 2662457, 4
6596, 757, 2, 3, 0, 0, 66.67%, 4, 0, 2, 383.44, 2664416, 4
6601, 758, 2, 3, 0, 0, 66.67%, 4, 0, 2, 349.94, 2666133, 4
6606, 758, 2, 3, 0, 0, 66.67%, 4, 0, 2, 285.58, 2667748, 4
6612, 759, 2, 3, 0, 0, 66.67%, 4, 0, 2, 356.18, 2669686, 4
6617, 759, 2, 3, 0, 0, 66.67%, 4, 0, 2, 342.02, 2671424, 4
6622, 760, 2, 3, 0, 0, 66.67%, 4, 0, 2, 371.16, 2673317, 4
6627, 761, 2, 3, 0, 0, 66.67%, 4, 0, 2, 359.88, 2675172, 4
6632, 761, 2, 3, 0, 0, 66.67%, 4, 0, 2, 364.11, 2677022, 4
6637, 762, 2, 3, 0, 0, 66.67%, 4, 0, 2, 343.51, 2678761, 4
6642, 762, 2, 3, 0, 0, 66.67%, 4, 0, 2, 342.24, 2680352, 4
6647, 763, 2, 3, 0, 0, 66.67%, 4, 0, 2, 370.31, 2682266, 4
6652, 763, 2, 3, 0, 0, 66.67%, 4, 0, 2, 352.21, 2683960, 4
6657, 763, 2, 3, 0, 0, 66.67%, 4, 0, 2, 416.28, 2686046, 4
6662, 764, 0, 3, 0, 0, 66.67%, 4, 0, 2, 365.06, 2687911, 4
6668, 765, 2, 3, 0, 0, 66.67%, 4, 0, 2, 355.84, 2689731, 4
6673, 765, 2, 3, 0, 0, 66.67%, 4, 0, 2, 393.61, 2691404, 4
6678, 765, 2, 3, 0, 0, 66.67%, 4, 0, 2, 384.12, 2693326, 4
6683, 766, 0, 3, 0, 0, 66.67%, 4, 0, 2, 385.22, 2695283, 4
6688, 767, 2, 3, 0, 0, 66.67%, 4, 0, 2, 368.16, 2697119, 4
6693, 767, 1, 3, 0, 0, 66.67%, 4, 0, 2, 348.67, 2698879, 4
6698, 768, 2, 3, 0, 0, 66.67%, 4, 0, 2, 335.64, 2700600, 4
6704, 768, 2, 3, 0, 0, 66.67%, 4, 0, 2, 52.53, 2702330, 4
6709, 768, 2, 3, 0, 0, 66.67%, 4, 0, 2, 355.94, 2704168, 4
6714, 769, 2, 3, 0, 0, 66.67%, 4, 0, 2, 351.22, 2706017, 4
6720, 770, 2, 3, 0, 0, 66.67%, 4, 0, 2, 361.30, 2707856, 4
6725, 770, 2, 3, 0, 0, 66.67%, 4, 0, 2, 375.87, 2709804, 4
6730, 770, 0, 3, 0, 0, 66.67%, 4, 0, 2, 358.21, 2711596, 4
6735, 771, 2, 3, 0, 0, 66.67%, 4, 0, 2, 337.47, 2713332, 4
6740, 771, 1, 3, 0, 0, 66.67%, 4, 0, 2, 357.83, 2715007, 4
6745, 772, 2, 3, 0, 0, 66.67%, 4, 0, 2, 344.63, 2716827, 4
6750, 772, 2, 3, 0, 0, 66.67%, 4, 0, 2, 348.96, 2718621, 4
6756, 773, 2, 3, 0, 0, 66.67%, 4, 0, 2, 341.01, 2720421, 4
6761, 773, 2, 3, 0, 0, 66.67%, 4, 0, 2, 327.80, 2722111, 4
6766, 774, 0, 3, 0, 0, 66.67%, 4, 0, 2, 352.68, 2723959, 4
6771, 774, 2, 3, 0, 0, 66.67%, 4, 0, 2, 319.39, 2725386, 4
6776, 774, 2, 3, 0, 0, 66.67%, 4, 0, 2, 308.38, 2726953, 4
6781, 775, 0, 3, 0, 0, 66.67%, 4, 0, 2, 333.10, 2728709, 4
6786, 776, 2, 3, 0, 0, 66.67%, 4, 0, 2, 332.66, 2730488, 4
6791, 776, 2, 3, 0, 0, 66.67%, 4, 0, 2, 367.27, 2732435, 4
6797, 777, 2, 3, 0, 0, 66.67%, 4, 0, 2, 359.01, 2734225, 4
6802, 777, 2, 3, 0, 0, 66.67%, 4, 0, 2, 375.98, 2736145, 4
6807, 778, 2, 3, 0, 0, 66.67%, 4, 0, 2, 417.84, 2737702, 4
6812, 778, 0, 3, 0, 0, 66.67%, 4, 0, 2, 360.66, 2739444, 4
6817, 779, 0, 3, 0, 0, 66.67%, 4, 0, 2, 374.28, 2741329, 4
6822, 779, 2, 3, 0, 0, 66.67%, 4, 0, 2, 369.33, 2743107, 4
6827, 780, 0, 3, 0, 0, 66.67%, 4, 0, 2, 361.05, 2744911, 4
6832, 780, 2, 3, 0, 0, 66.67%, 4, 0, 2, 375.22, 2746857, 4
6837, 780, 2, 3, 0, 0, 66.67%, 4, 0, 2, 320.68, 2748279, 4
6842, 781, 0, 3, 0, 0, 66.67%, 4, 0, 2, 334.44, 2750039, 4
6847, 781, 1, 3, 0, 0, 66.67%, 4, 0, 2, 336.55, 2751693, 4
6852, 782, 2, 3, 0, 0, 66.67%, 4, 0, 2, 316.84, 2753240, 4
6858, 782, 0, 3, 0, 0, 66.67%, 4, 0, 2, 319.54, 2754838, 4
6863, 782, 2, 3, 0, 0, 66.67%, 4, 0, 2, 347.42, 2756608, 4
6868, 783, 2, 3, 0, 0, 66.67%, 4, 0, 2, 349.88, 2758430, 4
6873, 783, 2, 3, 0, 0, 66.67%, 4, 0, 2, 339.94, 2759959, 4
6878, 784, 2, 3, 0, 0, 66.67%, 4, 0, 2, 353.45, 2761866, 4
6883, 784, 2, 3, 0, 0, 66.67%, 4, 0, 2, 335.06, 2763569, 4
6888, 785, 2, 3, 0, 0, 66.67%, 4, 0, 2, 364.26, 2765474, 4
6893, 786, 1, 3, 0, 0, 66.67%, 4, 0, 2, 372.06, 2767337, 4
6899, 787, 2, 3, 0, 0, 66.67%, 4, 0, 2, 355.68, 2769121, 4
6904, 787, 2, 3, 0, 0, 66.67%, 4, 0, 2, 330.00, 2770577, 4
6909, 787, 0, 3, 0, 0, 66.67%, 4, 0, 2, 350.99, 2772379, 4
6914, 788, 2, 3, 0, 0, 66.67%, 4, 0, 2, 352.84, 2774177, 4
6919, 788, 2, 3, 0, 0, 66.67%, 4, 0, 2, 341.87, 2775920, 4
6924, 789, 2, 3, 0, 0, 66.67%, 4, 0, 2, 367.09, 2777840, 4
6929, 789, 2, 3, 0, 0, 66.67%, 4, 0, 2, 386.73, 2779795, 4
6934, 790, 2, 3, 0, 0, 66.67%, 4, 0, 2, 378.66, 2781770, 4
6939, 791, 1, 3, 0, 0, 66.67%, 4, 0, 2, 377.82, 2783252, 4
6944, 791, 2, 3, 0, 0, 66.67%, 4, 0, 2, 363.19, 2785109, 4
6950, 792, 2, 3, 0, 0, 66.67%, 4, 0, 2, 380.58, 2787073, 4
6955, 793, 0, 3, 0, 0, 66.67%, 4, 0, 2, 349.81, 2788862, 4
6960, 793, 2, 3, 0, 0, 66.67%, 4, 0, 2, 360.70, 2790732, 4
6965, 794, 2, 3, 0, 0, 66.67%, 4, 0, 2, 342.25, 2792437, 4
6970, 795, 2, 3, 0, 0, 66.67%, 4, 0, 2, 419.88, 2794133, 4
6975, 795, 2, 3, 0, 0, 66.67%, 4, 0, 2, 354.63, 2795918, 4
6980, 796, 2, 3, 0, 0, 66.67%, 4, 0, 2, 372.97, 2797813, 4
6986, 797, 2, 3, 0, 0, 66.67%, 4, 0, 2, 347.01, 2799534, 4
6991, 797, 0, 3, 0, 0, 66.67%, 4, 0, 2, 376.26, 2801586, 4
6996, 798, 2, 3, 0, 0, 66.67%, 4, 0, 2, 378.52, 2803563, 4
7002, 798, 2, 3, 0, 0, 66.67%, 4, 0, 2, 33.54, 2805678, 4
7007, 798, 0, 3, 0, 0, 66.67%, 4, 0, 2, 326.78, 2807405, 4
7012, 799, 2, 3, 0, 0, 66.67%, 4, 0, 2, 358.59, 2809326, 4
7017, 799, 2, 3, 0, 0, 66.67%, 4, 0, 2, 364.04, 2811123, 4
7022, 800, 0, 3, 0, 0, 66.67%, 4, 0, 2, 343.98, 2812854, 4
7027, 801, 2, 3, 0, 0, 66.67%, 4, 0, 2, 359.80, 2814794, 4
7032, 801, 2, 3, 0, 0, 66.67%, 4, 0, 2, 354.81, 2816630, 4
7037, 801, 2, 3, 0, 0, 66.67%, 4, 0, 2, 222.10, 2818174, 4
7042, 802, 2, 3, 0, 0, 66.67%, 4, 0, 2, 304.15, 2819805, 4
7047, 802, 2, 3, 0, 0, 66.67%, 4, 0, 2, 364.66, 2821795, 4
7053, 803, 2, 3, 0, 0, 66.67%, 4, 0, 2, 387.68, 2823768, 4
7058, 804, 1, 3, 0, 0, 66.67%, 4, 0, 2, 335.15, 2825383, 4
7063, 804, 2, 3, 0, 0, 66.67%, 4, 0, 2, 370.37, 2827385, 4
7068, 805, 2, 3, 0, 0, 66.67%, 4, 0, 2, 33.56, 2828899, 4
7073, 805, 2, 3, 0, 0, 66.67%, 4, 0, 2, 404.51, 2830974, 4
7079, 806, 2, 3, 0, 0, 66.67%, 4, 0, 2, 374.07, 2832840, 4
7084, 806, 1, 3, 0, 0, 66.67%, 4, 0, 2, 378.82, 2834805, 4
7089, 807, 2, 3, 0, 0, 66.67%, 4, 0, 2, 356.65, 2836569, 4
7094, 808, 1, 3, 0, 0, 66.67%, 4, 0, 2, 353.12, 2838348, 4
7099, 808, 2, 3, 0, 0, 66.67%, 4, 0, 2, 342.79, 2840100, 4
7104, 809, 2, 3, 0, 0, 66.67%, 4, 0, 2, 305.78, 2841509, 4
7109, 809, 2, 3, 0, 0, 66.67%, 4, 0, 2, 356.20, 2843386, 4
7114, 810, 1, 3, 0, 0, 66.67%, 4, 0, 2, 316.57, 2844987, 4
7119, 811, 2, 3, 0, 0, 66.67%, 4, 0, 2, 348.13, 2846866, 4
7125, 811, 2, 3, 0, 0, 66.67%, 4, 0, 2, 383.57, 2848877, 4
7130, 812, 2, 3, 0, 0, 66.67%, 4, 0, 2, 364.82, 2850650, 4
7135, 812, 2, 3, 0, 0, 66.67%, 4, 0, 2, 329.78, 2852400, 4
7140, 812, 2, 3, 0, 0, 66.67%, 4, 0, 2, 345.46, 2854203, 4
7145, 813, 2, 3, 0, 0, 66.67%, 4, 0, 2, 327.39, 2855834, 4
7150, 813, 2, 3, 0, 0, 66.67%, 4, 0, 2, 368.96, 2857740, 4
7155, 814, 0, 3, 0, 0, 66.67%, 4, 0, 2, 356.64, 2859537, 4
7160, 814, 1, 3, 0, 0, 66.67%, 4, 0, 2, 348.48, 2861322, 4
7165, 815, 2, 3, 0, 0, 66.67%, 4, 0, 2, 356.15, 2863135, 4
7170, 815, 2, 3, 0, 0, 66.67%, 4, 0, 2, 364.49, 2864705, 4
7175, 816, 1, 3, 0, 0, 66.67%, 4, 0, 2, 364.49, 2866474, 4
7181, 816, 0, 3, 0, 0, 66.67%, 4, 0, 2, 351.72, 2868224, 4
7186, 817, 2, 3, 0, 0, 66.67%, 4, 0, 2, 352.64, 2870024, 4
7191, 817, 2, 3, 0, 0, 66.67%, 4, 0, 2, 394.45, 2871978, 4
7196, 818, 1, 3, 0, 0, 66.67%, 4, 0, 2, 383.00, 2873979, 4
7201, 818, 2, 3, 0, 0, 66.67%, 4, 0, 2, 284.70, 2875612, 4
7206, 819, 2, 3, 0, 0, 66.67%, 4, 0, 2, 361.14, 2877540, 4
7211, 820, 2, 3, 0, 0, 66.67%, 4, 0, 2, 337.01, 2879290, 4
7216, 821, 2, 3, 0, 0, 66.67%, 4, 0, 2, 357.83, 2881093, 4
7221, 821, 2, 3, 0, 0, 66.67%, 4, 0, 2, 352.67, 2882838, 4
7227, 822, 1, 3, 0, 0, 66.67%, 4, 0, 2, 345.94, 2884654, 4
7232, 822, 2, 3, 0, 0, 66.67%, 4, 0, 2, 355.99, 2886442, 4
7237, 823, 2, 3, 0, 0, 66.67%, 4, 0, 2, 360.07, 2888022, 4
7242, 823, 2, 3, 0, 0, 66.67%, 4, 0, 2, 389.06, 2889949, 4
7247, 823, 2, 3, 0, 0, 66.67%, 4, 0, 2, 332.24, 2891603, 4
7252, 824, 2, 3, 0, 0, 66.67%, 4, 0, 2, 333.23, 2893300, 4
7257, 824, 1, 3, 0, 0, 66.67%, 4, 0, 2, 378.05, 2895360, 4
7262, 825, 2, 3, 0, 0, 66.67%, 4, 0, 2, 354.87, 2897135, 4
7268, 825, 2, 3, 0, 0, 66.67%, 4, 0, 2, 335.16, 2898590, 4
7273, 826, 0, 3, 0, 0, 66.67%, 4, 0, 2, 322.89, 2900252, 4
7278, 826, 2, 3, 0, 0, 66.67%, 4, 0, 2, 336.63, 2902045, 4
7283, 827, 0, 3, 0, 0, 66.67%, 4, 0, 2, 359.37, 2903998, 4
7287, 828, 2, 3, 0, 0, 66.67%, 4, 0, 2, 376.92, 2905589, 4
